187 196
188 195
189 195
190 195
191 195
192 195
193 195
194 195
195 195
196 195
197 195
198 195
199 195
200 195
201 195
202 195
203 195
204 195
205 195
206 195
207 195
208 195
209 195
210 195
211 195
212 195
213 195
214 195
215 195
216 195
217 195
218 195
219 195
220 195
221 195
222 195
223 195
224 195
225 195
226 195
227 195
228 195
229 195
230 195
231 195
232 195
233 195
234 195
235 195
236 195
237 195
238 195
239 195
240 195
241 195
242 195
243 195
244 195
245 195
246 195
247 195
248 195
249 195
250 195
251 195
252 195
253 195
254 195
255 195
256 195
257 195
258 195
259 195
260 195
261 195
262 195
263 195
264 195
265 195
266 195
267 195
268 195
269 195
270 195
271 195
272 195
273 195
274 195
275 195
276 195
277 195
278 195
279 195
280 195
281 195
282 195
283 195
284 195
285 195
286 195
287 195
288 195
289 195
290 195
291 195
292 195
293 195
294 195
295 195
296 195
297 195
298 195
299 195
300 195
301 195
302 195
303 195
304 195
305 195
306 195
307 195
308 195
309 195
310 195
311 195
312 195
313 195
314 195
315 195
316 195
317 195
318 195
319 195
320 195
321 195
322 195
323 195
324 195
325 195
326 195
327 195
328 195
329 195
330 195

227 64
226 65
226 66
226 67
226 68
226 69
226 70
226 71
226 72
226 73
226 74
226 75
226 76
226 77
226 78
226 79
226 80
226 81
226 82
226 83
226 84
226 85
226 86
226 87
226 88
226 89
226 90
226 91
226 92
226 93
226 94
226 95
226 96
226 97
226 98
226 99
226 100
226 101
226 102
226 103
226 104
226 105
226 106
226 107
226 108
226 109
226 110
226 111
226 112
226 113
226 114
226 115
226 116
226 117
226 118
226 119
226 120
226 121
226 122
226 123
226 124
226 125
226 126
226 127
226 128
226 129
226 130
226 131
226 132
226 133
226 134
226 135
226 136
226 137
226 138
226 139
226 140
226 141
226 142
226 143
226 144
226 145
226 146
226 147
226 148
226 149
226 150
226 151
226 152
226 153
226 154
226 155
226 156
226 157
226 158
226 159
226 160
226 161
226 162
226 163
226 164
226 165
226 166
226 167
226 168
226 169
226 170
226 171
226 172
226 173
226 174
226 175
226 176
226 177
226 178
226 179
226 180
226 181
226 182
226 183
226 184
226 185
226 186
226 187
226 188
226 189
226 190
226 191
226 192
226 193
226 194
226 195
226 196
226 197
226 198
226 199
226 200
226 201
226 202
226 203
226 204
226 205

185 196
186 195
187 195
188 195
189 195
190 195
191 195
192 195
193 195
194 195
195 195
196 195
197 195
198 195
199 195
200 195
201 195
202 195
203 195
204 195
205 195
206 195
207 195
208 195
209 195
210 195
211 195
212 195
213 195
214 195
215 195
216 195
217 195
218 195
219 195
220 195
221 195
222 195
223 195
224 195
225 195
226 195
227 195
228 195
229 195
230 195
231 195
232 195
233 195
234 195
235 195
236 195
237 195
238 195
239 195
240 195
241 195
242 195
243 195
244 195
245 195
246 195
247 195
248 195
249 195
250 195
251 195
252 195
253 195
254 195
255 195
256 195
257 195
258 195
259 195
260 195
261 195
262 195
263 195
264 195
265 195
266 195
267 195
268 195
269 195
270 195
271 195
272 195
273 195
274 195
275 195
276 195
277 195
278 195
279 195
280 195
281 195
282 195
283 195
284 195
285 195
286 195
287 195
288 195
289 195
290 195
291 195
292 195
293 195
294 195
295 195
296 195
297 195
298 195
299 195
300 195
301 195
302 195
303 195
304 195
305 195
306 195
307 195
308 195
309 195
310 195
311 195
312 195
313 195
314 195
315 195
316 195
317 195
318 195
319 195
320 195
321 195
322 195
323 195
324 195
325 195
326 195
327 195
328 195
329 195
330 195
331 195

227 70
226 71
226 72
226 73
226 74
226 75
226 76
226 77
226 78
226 79
226 80
226 81
226 82
226 83
226 84
226 85
226 86
226 87
226 88
226 89
226 90
226 91
226 92
226 93
226 94
226 95
226 96
226 97
226 98
226 99
226 100
226 101
226 102
226 103
226 104
226 105
226 106
226 107
226 108
226 109
226 110
226 111
226 112
226 113
226 114
226 115
226 116
226 117
226 118
226 119
226 120
226 121
226 122
226 123
226 124
226 125
226 126
226 127
226 128
226 129
226 130
226 131
226 132
226 133
226 134
226 135
226 136
226 137
226 138
226 139
226 140
226 141
226 142
226 143
226 144
226 145
226 146
226 147
226 148
226 149
226 150
226 151
226 152
226 153
226 154
226 155
226 156
226 157
226 158
226 159
226 160
226 161
226 162
226 163
226 164
226 165
226 166
226 167
226 168
226 169
226 170
226 171
226 172
226 173
226 174
226 175
226 176
226 177
226 178
226 179
226 180
226 181
226 182
226 183
226 184
226 185
226 186
226 187
226 188
226 189
226 190
226 191
226 192
226 193
226 194
226 195
226 196
226 197
226 198
226 199
226 200
226 201
226 202
226 203

184 194
185 194
186 194
187 194
188 194
189 194
190 194
191 194
192 194
193 194
194 194
195 194
196 194
197 194
198 194
199 194
200 194
201 194
202 194
203 194
204 194
205 194
206 194
207 194
208 194
209 194
210 194
211 194
212 194
213 194
214 194
215 194
216 194
217 194
218 194
219 194
220 194
221 194
222 194
223 194
224 194
225 194
226 194
227 194
228 194
229 194
230 194
231 194
232 194
233 194
234 194
235 194
236 194
237 194
238 194
239 194
240 194
241 194
242 194
243 194
244 194
245 194
246 194
247 194
248 194
249 194
250 194
251 194
252 194
253 194
254 194
255 194
256 194
257 194
258 195
259 195
260 195
261 195
262 195
263 195
264 195
265 195
266 195
267 195
268 195
269 195
270 195
271 195
272 195
273 195
274 195
275 195
276 195
277 195
278 195
279 195
280 195
281 195
282 195
283 195
284 195
285 195
286 195
287 195
288 195
289 195
290 195
291 195
292 195
293 195
294 195
295 195
296 195
297 195
298 195
299 195
300 195
301 195
302 195
303 195
304 195
305 195
306 195
307 195
308 195
309 195
310 195
311 195
312 195
313 195
314 195
315 195
316 195
317 195
318 195
319 195
320 195
321 195
322 195
323 195
324 195
325 195
326 195
327 195
328 195
329 195
330 195
331 195
332 196

228 64
227 65
227 66
227 67
227 68
227 69
227 70
227 71
227 72
227 73
227 74
227 75
227 76
227 77
227 78
227 79
227 80
227 81
227 82
227 83
227 84
227 85
227 86
227 87
227 88
227 89
227 90
227 91
227 92
227 93
227 94
227 95
227 96
227 97
227 98
227 99
227 100
227 101
227 102
227 103
227 104
227 105
227 106
227 107
227 108
227 109
227 110
227 111
227 112
227 113
227 114
227 115
227 116
227 117
227 118
227 119
227 120
227 121
227 122
227 123
227 124
227 125
227 126
227 127
227 128
227 129
227 130
227 131
227 132
226 133
226 134
226 135
226 136
226 137
226 138
226 139
226 140
226 141
226 142
226 143
226 144
226 145
226 146
226 147
226 148
226 149
226 150
226 151
226 152
226 153
226 154
226 155
226 156
226 157
226 158
226 159
226 160
226 161
226 162
226 163
226 164
226 165
226 166
226 167
226 168
226 169
226 170
226 171
226 172
226 173
226 174
226 175
226 176
226 177
226 178
226 179
226 180
226 181
226 182
226 183
226 184
226 185
226 186
226 187
226 188
226 189
226 190
226 191
226 192
226 193
226 194
226 195
226 196
226 197
226 198
226 199
226 200
226 201

