404 657
405 656
406 656
407 656
408 656
409 656
410 656
411 656
412 656
413 656
414 656
415 656
416 656
417 656
418 656
419 656
420 656
421 656
422 656
423 656
424 656
425 656
426 656
427 656
428 656
429 656
430 656
431 656
432 656
433 656
434 656
435 656
436 656
437 656
438 656
439 656
440 656
441 656
442 656
443 656
444 656
445 656
446 656
447 656
448 656
449 656
450 656
451 656
452 656
453 656
454 656
455 656
456 656
457 656
458 656
459 656
460 656
461 656
462 656
463 656
464 656
465 656
466 656
467 656
468 656
469 656
470 656
471 656
472 656
473 656
474 656
475 656
476 656
477 656
478 656
479 656
480 656
481 656
482 656
483 656
484 656
485 656
486 656
487 656
488 656
489 656
490 656
491 656
492 656
493 656
494 656
495 656
496 656
497 656
498 656
499 656
500 656
501 656
502 656
503 656
504 656
505 656
506 656
507 656
508 656
509 656
510 656
511 656
512 656
513 656
514 656
515 656
516 656
517 656
518 656
519 656
520 656
521 656
522 656
523 656
524 656
525 656
526 656
527 656
528 656
529 656
530 656
531 656
532 656
533 656
534 656
535 656
536 656
537 656
538 656
539 656
540 656
541 656
542 656
543 656
544 656
545 656
546 656
547 656
548 656
549 656
550 656
551 655
552 655
553 655
554 655
555 655
556 655
557 655
558 655
559 655
560 655
561 655
562 655
563 655
564 655
565 655
566 655
567 655
568 655
569 655
570 655
571 655
572 655
573 655
574 655
575 655
576 655
577 655
578 655
579 655
580 655
581 655
582 655
583 655
584 655
585 655
586 655
587 655
588 655
589 655
590 655
591 655
592 655
593 655
594 655
595 655
596 655
597 655
598 655
599 655
600 655
601 655
602 655
603 655
604 655
605 655
606 655
607 655
608 655
609 655
610 655
611 655
612 655
613 655
614 655
615 655
616 655
617 655
618 655
619 655
620 655
621 655
622 655
623 655
624 655
625 655
626 655
627 655
628 655
629 655
630 655
631 655
632 655
633 655
634 655
635 655
636 655
637 655
638 655
639 655
640 655
641 655
642 655
643 655
644 655
645 655
646 655
647 655
648 655
649 655
650 655
651 655
652 655
653 655
654 655
655 655
656 655
657 655
658 655
659 655
660 655
661 655
662 655
663 655
664 655
665 655
666 655
667 655
668 655
669 655
670 655
671 655
672 655
673 655
674 655
675 655
676 655
677 655
678 655
679 655
680 655
681 655
682 655
683 655
684 655
685 655
686 655
687 655
688 655
689 655
690 655
691 655
692 655
693 655
694 655
695 655
696 655
697 654
698 654
699 654
700 654
701 654
702 654
703 654
704 654
705 654
706 654
707 654
708 654
709 654
710 654
711 654
712 654
713 654
714 654
715 654
716 654
717 654
718 654
719 654
720 654
721 654
722 654
723 654
724 654
725 654
726 654
727 654
728 654
729 654
730 654
731 654
732 654
733 654
734 654
735 654
736 654
737 654
738 654
739 654
740 654
741 654
742 654
743 654
744 654
745 654
746 654
747 654
748 654
749 654
750 654
751 654
752 654
753 654
754 654
755 654
756 654
757 654
758 654
759 654
760 654
761 654
762 654
763 654
764 654
765 654
766 654
767 654
768 654
769 654
770 654
771 654
772 654
773 654
774 654
775 654
776 654
777 654
778 654
779 654
780 654
781 654
782 654
783 654
784 654
785 654
786 654
787 654
788 654
789 654
790 654
791 654
792 654
793 654
794 654
795 654
796 654
797 654
798 654
799 654
800 654
801 654
802 654
803 654
804 654
805 654
806 654
807 654
808 654
809 654
810 654
811 654
812 654
813 654
814 654
815 654
816 654
817 654
818 654
819 654
820 654
821 654
822 654
823 654
824 654
825 654
826 654
827 654
828 654
829 654
830 654
831 654
832 654
833 654
834 654
835 654
836 654
837 654
838 654
839 654
840 654
841 654
842 654
843 653
844 653
845 653
846 653
847 653
848 653
849 653
850 653
851 653
852 653
853 653
854 653
855 653
856 653
857 653
858 653
859 653
860 653
861 653
862 653
863 653
864 653
865 653
866 653
867 653
868 653
869 653
870 653
871 653
872 653
873 653
874 653
875 653
876 653
877 653
878 653
879 653
880 653
881 653
882 653
883 653
884 653
885 653
886 653
887 653
888 653
889 653
890 653
891 653
892 653
893 653
894 653
895 653
896 653
897 653
898 653
899 653
900 653
901 653
902 653
903 653
904 653
905 653
906 653
907 653
908 653
909 653
910 653
911 653
912 653
913 653
914 653
915 653
916 653
917 653
918 653
919 653
920 653
921 653
922 653
923 653
924 653
925 653
926 653
927 653
928 653
929 653
930 653
931 653
932 653
933 653
934 653
935 653
936 653
937 653
938 653
939 653
940 653
941 653
942 653
943 653
944 653
945 653
946 653
947 653
948 653
949 653
950 653
951 653
952 653
953 653
954 653
955 653
956 653
957 653
958 653
959 653
960 653
961 653
962 653
963 653
964 653
965 653
966 653
967 653
968 653
969 653
970 653
971 653
972 653
973 653
974 653
975 653
976 653
977 653
978 653
979 653
980 653
981 653
982 653
983 653
984 653
985 653
986 653
987 653
988 653
989 652
990 652
991 652
992 652
993 652
994 652
995 652
996 652
997 652
998 652
999 652
1000 652
1001 652
1002 652
1003 652
1004 652
1005 652
1006 652
1007 652
1008 652
1009 652
1010 652
1011 652
1012 652
1013 652
1014 652
1015 652
1016 652
1017 652
1018 652
1019 652
1020 652
1021 652
1022 652
1023 652
1024 652
1025 652
1026 652
1027 652
1028 652
1029 652
1030 652
1031 652
1032 652
1033 652
1034 652
1035 652
1036 652
1037 652
1038 652
1039 652
1040 652
1041 652
1042 652
1043 652
1044 652
1045 652
1046 652
1047 652
1048 652
1049 652
1050 652
1051 652
1052 652
1053 652
1054 652
1055 652
1056 652
1057 652
1058 652
1059 652
1060 652
1061 652
1062 652
1063 652
1064 652
1065 652
1066 652
1067 652
1068 652
1069 652
1070 652
1071 652
1072 652
1073 652
1074 652
1075 652
1076 652
1077 652
1078 652
1079 652
1080 652
1081 652
1082 652
1083 652
1084 652
1085 652
1086 652
1087 652
1088 652
1089 652
1090 652
1091 652
1092 652
1093 652
1094 652
1095 652
1096 652
1097 652
1098 652
1099 652
1100 652
1101 652
1102 652
1103 652
1104 652
1105 652
1106 652
1107 652
1108 652
1109 652
1110 652
1111 652
1112 652
1113 652
1114 652
1115 652
1116 652
1117 652
1118 652
1119 652
1120 652
1121 652
1122 652
1123 652
1124 652
1125 652
1126 652
1127 652
1128 652
1129 652
1130 652
1131 652
1132 652
1133 652
1134 652
1135 652

760 78
760 79
760 80
760 81
760 82
760 83
760 84
760 85
760 86
760 87
760 88
760 89
760 90
760 91
760 92
760 93
760 94
760 95
760 96
760 97
760 98
760 99
760 100
760 101
760 102
760 103
760 104
760 105
760 106
760 107
760 108
760 109
760 110
760 111
760 112
760 113
760 114
760 115
760 116
760 117
760 118
760 119
760 120
760 121
760 122
760 123
760 124
760 125
760 126
760 127
760 128
760 129
760 130
760 131
760 132
760 133
760 134
760 135
760 136
760 137
760 138
760 139
760 140
760 141
760 142
760 143
760 144
760 145
760 146
760 147
760 148
760 149
760 150
760 151
760 152
760 153
760 154
760 155
760 156
760 157
760 158
760 159
760 160
760 161
760 162
760 163
760 164
760 165
760 166
760 167
760 168
760 169
760 170
760 171
760 172
760 173
760 174
760 175
760 176
760 177
760 178
760 179
760 180
760 181
760 182
760 183
760 184
760 185
760 186
760 187
760 188
760 189
760 190
760 191
760 192
760 193
760 194
760 195
760 196
760 197
760 198
760 199
760 200
760 201
760 202
760 203
760 204
760 205
760 206
760 207
760 208
760 209
760 210
760 211
760 212
760 213
760 214
760 215
760 216
760 217
760 218
760 219
760 220
760 221
760 222
760 223
760 224
760 225
760 226
760 227
760 228
760 229
760 230
760 231
760 232
760 233
760 234
760 235
760 236
760 237
760 238
760 239
760 240
760 241
760 242
760 243
760 244
760 245
760 246
760 247
760 248
760 249
760 250
760 251
760 252
760 253
760 254
760 255
760 256
760 257
760 258
760 259
760 260
760 261
760 262
760 263
760 264
760 265
760 266
760 267
760 268
760 269
760 270
760 271
760 272
760 273
760 274
760 275
760 276
760 277
760 278
760 279
760 280
760 281
760 282
760 283
760 284
760 285
760 286
760 287
760 288
760 289
760 290
760 291
760 292
760 293
760 294
760 295
760 296
760 297
760 298
760 299
760 300
760 301
760 302
760 303
760 304
760 305
760 306
760 307
760 308
760 309
760 310
760 311
760 312
760 313
760 314
760 315
760 316
760 317
760 318
760 319
760 320
760 321
760 322
760 323
760 324
760 325
760 326
760 327
760 328
760 329
760 330
760 331
760 332
760 333
760 334
760 335
760 336
760 337
760 338
760 339
760 340
760 341
760 342
760 343
760 344
760 345
760 346
760 347
760 348
760 349
760 350
760 351
760 352
760 353
760 354
760 355
760 356
760 357
760 358
760 359
760 360
760 361
760 362
760 363
760 364
760 365
760 366
760 367
760 368
760 369
760 370
760 371
760 372
760 373
760 374
760 375
760 376
760 377
760 378
760 379
760 380
760 381
760 382
760 383
760 384
760 385
760 386
760 387
760 388
760 389
760 390
760 391
760 392
760 393
760 394
760 395
760 396
760 397
760 398
760 399
760 400
760 401
760 402
760 403
760 404
760 405
760 406
760 407
760 408
760 409
760 410
760 411
760 412
760 413
760 414
760 415
760 416
760 417
760 418
760 419
760 420
760 421
760 422
760 423
760 424
760 425
760 426
760 427
760 428
760 429
760 430
760 431
760 432
760 433
760 434
760 435
760 436
760 437
760 438
760 439
760 440
760 441
760 442
760 443
760 444
760 445
760 446
760 447
760 448
760 449
760 450
760 451
760 452
760 453
760 454
760 455
760 456
760 457
760 458
760 459
760 460
760 461
760 462
760 463
760 464
760 465
760 466
760 467
760 468
760 469
760 470
760 471
760 472
760 473
760 474
760 475
760 476
760 477
760 478
760 479
760 480
760 481
760 482
760 483
760 484
760 485
760 486
760 487
760 488
760 489
760 490
760 491
760 492
760 493
760 494
760 495
760 496
760 497
760 498
760 499
760 500
760 501
760 502
760 503
760 504
760 505
760 506
760 507
760 508
760 509
760 510
760 511
760 512
760 513
760 514
760 515
760 516
760 517
760 518
760 519
760 520
760 521
760 522
760 523
760 524
760 525
760 526
760 527
760 528
760 529
760 530
760 531
760 532
760 533
760 534
760 535
760 536
760 537
760 538
760 539
760 540
760 541
760 542
760 543
760 544
760 545
760 546
760 547
760 548
760 549
760 550
760 551
760 552
760 553
760 554
760 555
760 556
760 557
760 558
760 559
760 560
760 561
760 562
760 563
760 564
760 565
760 566
760 567
760 568
760 569
760 570
760 571
760 572
760 573
760 574
760 575
760 576
760 577
760 578
760 579
760 580
760 581
760 582
760 583
760 584
760 585
760 586
760 587
760 588
760 589
760 590
760 591
760 592
760 593
760 594
760 595
760 596
760 597
760 598
760 599
760 600
760 601
760 602
760 603
760 604
760 605
760 606
760 607
760 608
760 609
760 610
760 611
760 612
760 613
760 614
760 615
760 616
760 617
760 618
760 619
760 620
760 621
760 622
760 623
760 624
760 625
760 626
760 627
760 628
760 629
760 630
760 631
760 632
760 633
760 634
760 635
760 636
760 637
760 638
760 639
760 640
760 641
760 642
760 643
760 644
760 645
760 646
760 647
760 648
760 649
760 650
760 651
760 652
760 653
760 654
760 655
760 656
760 657
760 658
760 659
760 660
760 661
760 662
760 663
760 664
760 665
760 666
760 667
760 668
760 669
760 670
760 671
760 672
760 673
760 674
760 675
760 676
761 677

620 647
621 647
622 647
623 647
624 647
625 647
626 647
627 647
628 647
629 647
630 647
631 647
632 647
633 647
634 647
635 647
636 647
637 647
638 647
639 647
640 647
641 647
642 647
643 647
644 647
645 647
646 647
647 647
648 647
649 647
650 647
651 647
652 647
653 647
654 647
655 647
656 647
657 647
658 647
659 647
660 647
661 647
662 647
663 647
664 647
665 647
666 647
667 647
668 647
669 647
670 647
671 647
672 647
673 647
674 647
675 647
676 647
677 647
678 647
679 647
680 647
681 647
682 647
683 647
684 647
685 647
686 647
687 647
688 647
689 647
690 647
691 647
692 647
693 647
694 647
695 647
696 647
697 647
698 647
699 647
700 647
701 647
702 647
703 647
704 647
705 647
706 647
707 647
708 647
709 647
710 647
711 647
712 647
713 647
714 647
715 647
716 647
717 647
718 647
719 647
720 647
721 647
722 647
723 647
724 647
725 647
726 647
727 647
728 647
729 647
730 647
731 647
732 647
733 647
734 647
735 647
736 647
737 647
738 647
739 647
740 647
741 647
742 647
743 647
744 647
745 647
746 647
747 647
748 647
749 647
750 647
751 647
752 647
753 647
754 647
755 647
756 647
757 647
758 647
759 647
760 647
761 647
762 647
763 647
764 647
765 647
766 647
767 647
768 647
769 647
770 647
771 647
772 647
773 647
774 647
775 647
776 647
777 647
778 647
779 647
780 647
781 647
782 647
783 647
784 647
785 647
786 647
787 647
788 648
789 648
790 648
791 648
792 648
793 648
794 648
795 648
796 648
797 648
798 648
799 648
800 648
801 648
802 648
803 648
804 648
805 648
806 648
807 648
808 648
809 648
810 648
811 648
812 648
813 648
814 648
815 648
816 648
817 648
818 648
819 648
820 648
821 648
822 648
823 648
824 648
825 648
826 648
827 648
828 648
829 648
830 648
831 648
832 648
833 648
834 648
835 648
836 648
837 648
838 648
839 648
840 648
841 648
842 648
843 648
844 648
845 648
846 648
847 648
848 648
849 648
850 648
851 648
852 648
853 648
854 648
855 648
856 648
857 648
858 648
859 648
860 648
861 648
862 648
863 648
864 648
865 648
866 648
867 648
868 648
869 648
870 648
871 648
872 648
873 648
874 648
875 648
876 648
877 648
878 648
879 648
880 648
881 648
882 648
883 648
884 648
885 648
886 648
887 648
888 648
889 648
890 648
891 648
892 648
893 648
894 648
895 648
896 648
897 648
898 648
899 648
900 648
901 648
902 648
903 648
904 648
905 648
906 648
907 648
908 648
909 648
910 648
911 648
912 648
913 648
914 648
915 648
916 648
917 648
918 648
919 648
920 648
921 648
922 648
923 648
924 648
925 648
926 648
927 648
928 648
929 648
930 648
931 648
932 648
933 648
934 648
935 648
936 648
937 648
938 648
939 648
940 648
941 648
942 648
943 648
944 648
945 648
946 648
947 648
948 648
949 648
950 648
951 648
952 648
953 648
954 648
955 649
956 649
957 649
958 649
959 649
960 649
961 649
962 649
963 649
964 649
965 649
966 649
967 649
968 649
969 649
970 649
971 649
972 649
973 649
974 649
975 649
976 649
977 649
978 649
979 649
980 649
981 649
982 649
983 649
984 649
985 649
986 649
987 649
988 649
989 649
990 649
991 649
992 649
993 649
994 649
995 649
996 649
997 649
998 649
999 649
1000 649
1001 649
1002 649
1003 649
1004 649
1005 649
1006 649
1007 649
1008 649
1009 649
1010 649
1011 649
1012 649
1013 649
1014 649
1015 649
1016 649
1017 649
1018 649
1019 649
1020 649
1021 649
1022 649
1023 649
1024 649
1025 649
1026 649
1027 649
1028 649
1029 649
1030 649
1031 649
1032 649
1033 649
1034 649
1035 649
1036 649
1037 649
1038 649
1039 649
1040 649
1041 649
1042 649
1043 649
1044 649
1045 649
1046 649
1047 649
1048 649
1049 649
1050 649
1051 649
1052 649
1053 649
1054 649
1055 649
1056 649
1057 649
1058 649
1059 649
1060 649
1061 649
1062 649
1063 649
1064 649
1065 649
1066 649
1067 649
1068 649
1069 649
1070 649
1071 649
1072 649
1073 649
1074 649
1075 649
1076 649
1077 649
1078 649
1079 649
1080 649
1081 649
1082 649
1083 649
1084 649
1085 649
1086 649
1087 649
1088 649
1089 649
1090 649
1091 649
1092 649
1093 649
1094 649
1095 649
1096 649
1097 649
1098 649
1099 649
1100 649
1101 649
1102 649
1103 649
1104 649
1105 649
1106 649
1107 649
1108 649
1109 649
1110 649
1111 649
1112 649
1113 649
1114 649
1115 649
1116 649
1117 649
1118 649
1119 649
1120 649
1121 649
1122 650

759 248
759 249
759 250
759 251
759 252
759 253
759 254
759 255
759 256
759 257
759 258
759 259
759 260
759 261
759 262
759 263
759 264
759 265
759 266
759 267
759 268
759 269
759 270
759 271
759 272
759 273
759 274
759 275
759 276
759 277
759 278
759 279
759 280
759 281
759 282
759 283
759 284
759 285
759 286
759 287
759 288
759 289
759 290
759 291
759 292
759 293
759 294
759 295
759 296
759 297
759 298
759 299
759 300
759 301
759 302
759 303
759 304
759 305
759 306
759 307
759 308
759 309
759 310
759 311
759 312
759 313
759 314
759 315
759 316
759 317
759 318
759 319
759 320
759 321
759 322
759 323
759 324
759 325
759 326
759 327
759 328
759 329
759 330
759 331
759 332
759 333
759 334
759 335
759 336
759 337
759 338
759 339
759 340
759 341
759 342
759 343
759 344
759 345
759 346
759 347
759 348
759 349
759 350
759 351
759 352
759 353
759 354
759 355
759 356
759 357
759 358
759 359
759 360
759 361
759 362
759 363
759 364
759 365
759 366
759 367
759 368
759 369
759 370
759 371
759 372
759 373
759 374
759 375
759 376
759 377
759 378
759 379
759 380
759 381
759 382
759 383
759 384
759 385
759 386
759 387
759 388
759 389
759 390
759 391
759 392
759 393
759 394
759 395
759 396
759 397
759 398
759 399
759 400
759 401
759 402
759 403
759 404
759 405
759 406
759 407
759 408
759 409
759 410
759 411
759 412
759 413
759 414
759 415
759 416
759 417
759 418
759 419
759 420
759 421
759 422
759 423
759 424
759 425
759 426
759 427
759 428
759 429
759 430
759 431
759 432
759 433
759 434
759 435
759 436
759 437
759 438
759 439
759 440
759 441
759 442
759 443
759 444
759 445
759 446
759 447
759 448
759 449
759 450
759 451
759 452
759 453
759 454
759 455
759 456
759 457
759 458
759 459
759 460
759 461
759 462
759 463
759 464
759 465
760 466
760 467
760 468
760 469
760 470
760 471
760 472
760 473
760 474
760 475
760 476
760 477
760 478
760 479
760 480
760 481
760 482
760 483
760 484
760 485
760 486
760 487
760 488
760 489
760 490
760 491
760 492
760 493
760 494
760 495
760 496
760 497
760 498
760 499
760 500
760 501
760 502
760 503
760 504
760 505
760 506
760 507
760 508
760 509
760 510
760 511
760 512
760 513
760 514
760 515
760 516
760 517
760 518
760 519
760 520
760 521
760 522
760 523
760 524
760 525
760 526
760 527
760 528
760 529
760 530
760 531
760 532
760 533
760 534
760 535
760 536
760 537
760 538
760 539
760 540
760 541
760 542
760 543
760 544
760 545
760 546
760 547
760 548
760 549
760 550
760 551
760 552
760 553
760 554
760 555
760 556
760 557
760 558
760 559
760 560
760 561
760 562
760 563
760 564
760 565
760 566
760 567
760 568
760 569
760 570
760 571
760 572
760 573
760 574
760 575
760 576
760 577
760 578
760 579
760 580
760 581
760 582
760 583
760 584
760 585
760 586
760 587
760 588
760 589
760 590
760 591
760 592
760 593
760 594
760 595
760 596
760 597
760 598
760 599
760 600
760 601
760 602
760 603
760 604
760 605
760 606
760 607
760 608
760 609
760 610
760 611
760 612
760 613
760 614
760 615
760 616
760 617
760 618
760 619
760 620
760 621
760 622
760 623
760 624
760 625
760 626
760 627
760 628
760 629
760 630
760 631
760 632
760 633
760 634
760 635
760 636
760 637
760 638
760 639
760 640
760 641
760 642
760 643
760 644
760 645
760 646
760 647
760 648
760 649
760 650
760 651
760 652
760 653
760 654
760 655
760 656
760 657
760 658
760 659
760 660
760 661
760 662
760 663
760 664
760 665
760 666
760 667
760 668
760 669
760 670
760 671
760 672
760 673
760 674
760 675
760 676
760 677
760 678
760 679
760 680
760 681
760 682
760 683
761 684

