83 233
84 233
85 233
86 233
87 233
88 233
89 233
90 233
91 233
92 234
93 234
94 234
95 234
96 234
97 234
98 234
99 234
100 234
101 235
102 235
103 235
104 235
105 235
106 235
107 235
108 235
109 235
110 236
111 236
112 236
113 236
114 236
115 236
116 236
117 236
118 236
119 237
120 237
121 237
122 237
123 237
124 237
125 237
126 237
127 237
128 238
129 238
130 238
131 238
132 238
133 238
134 238
135 238
136 238
137 239
138 239
139 239
140 239
141 239
142 239
143 239
144 239
145 239
146 240
147 240
148 240
149 240
150 240
151 240
152 240
153 240
154 240
155 241
156 241
157 241
158 241
159 241
160 241
161 241
162 241
163 241
164 242
165 242
166 242
167 242
168 242
169 242
170 242
171 242
172 242
173 243
174 243
175 243
176 243
177 243
178 243
179 243
180 243
181 243
182 244
183 244
184 244
185 244
186 244
187 244
188 244
189 244
190 244
191 245
192 245
193 245
194 245
195 245
196 245
197 245
198 245
199 245
200 246
201 246
202 246
203 246
204 246
205 246
206 246
207 246
208 246
209 247
210 247
211 247
212 247
213 247
214 247
215 247
216 247
217 247
218 248
219 248
220 248
221 248
222 248
223 248
224 248
225 248
226 248
227 249
228 249
229 249
230 249
231 249
232 249
233 249
234 249
235 249
236 250
237 250
238 250
239 250
240 250
241 250
242 250
243 250
244 250
245 251
246 251
247 251
248 251
249 251
250 251
251 251
252 251
253 252

90 275
91 275
92 275
93 275
94 275
95 275
96 275
97 275
98 275
99 276
100 276
101 276
102 276
103 276
104 276
105 276
106 276
107 276
108 277
109 277
110 277
111 277
112 277
113 277
114 277
115 277
116 278
117 278
118 278
119 278
120 278
121 278
122 278
123 278
124 278
125 279
126 279
127 279
128 279
129 279
130 279
131 279
132 279
133 279
134 280
135 280
136 280
137 280
138 280
139 280
140 280
141 280
142 281
143 281
144 281
145 281
146 281
147 281
148 281
149 281
150 281
151 282
152 282
153 282
154 282
155 282
156 282
157 282
158 282
159 283
160 283
161 283
162 283
163 283
164 283
165 283
166 283
167 283
168 284
169 284
170 284
171 284
172 284
173 284
174 284
175 284
176 284
177 285
178 285
179 285
180 285
181 285
182 285
183 285
184 285
185 286
186 286
187 286
188 286
189 286
190 286
191 286
192 286
193 286
194 287
195 287
196 287
197 287
198 287
199 287
200 287
201 287
202 287
203 288
204 288
205 288
206 288
207 288
208 288
209 288
210 288
211 289
212 289
213 289
214 289
215 289
216 289
217 289
218 289
219 289
220 290
221 290
222 290
223 290
224 290
225 290
226 290
227 290
228 291

10 323
11 323
12 323
13 323
14 323
15 323
16 324
17 324
18 324
19 324
20 324
21 324
22 325
23 325
24 325
25 325
26 325
27 325
28 326
29 326
30 326
31 326
32 326
33 326
34 327
35 327
36 327
37 327
38 327
39 327
40 328
41 328
42 328
43 328
44 328
45 328
46 329
47 329
48 329
49 329
50 329
51 329
52 330
53 330
54 330
55 330
56 330
57 330
58 331
59 331
60 331
61 331
62 331
63 331
64 332
65 332
66 332
67 332
68 332
69 332
70 333
71 333
72 333
73 333
74 333
75 333
76 334
77 334
78 334
79 334
80 334
81 334
82 335
83 335
84 335
85 335
86 335
87 335
88 336
89 336
90 336
91 336
92 336
93 336
94 337
95 337
96 337
97 337
98 337
99 337
100 338
101 338
102 338
103 338
104 338
105 338
106 339
107 339
108 339
109 339
110 339
111 339
112 340
113 340
114 340
115 340
116 340
117 340
118 341
119 341
120 341
121 341
122 341
123 341
124 342
125 342
126 342
127 342
128 342
129 342
130 343
131 343
132 343
133 343
134 343
135 343
136 344
137 344
138 344
139 344
140 344
141 344
142 345
143 345
144 345
145 345
146 345
147 345
148 346
149 346
150 346
151 346
152 346
153 346
154 347
155 347
156 347
157 347
158 347
159 347
160 348
161 348
162 348
163 348
164 348
165 348
166 349
167 349
168 349
169 349
170 349
171 349
172 350
173 350
174 350
175 350
176 350
177 350
178 351
179 351
180 351
181 351
182 351
183 351
184 352
185 352
186 352
187 352
188 352
189 352
190 353
191 353
192 353
193 353
194 353
195 353
196 354
197 354
198 354
199 354
200 354
201 354
202 355
203 355
204 355
205 355
206 355
207 355
208 356
209 356
210 356
211 356
212 356
213 356
214 357
215 357
216 357
217 357
218 357
219 358

