257 85
258 85
259 86
260 87
261 87
262 88
263 89
264 89
265 90
266 91
267 91
268 92
269 93
270 93
271 94
272 94
273 95
274 95
275 96
276 97
277 97
278 98
279 98
280 99
281 99
282 100
283 101
284 101
285 102
286 102
287 103
288 103
289 104
290 105
291 105
292 106
293 106
294 107
295 107
296 108
297 108
298 109
299 109
300 110
301 110
302 111
303 111
304 112
305 112
306 113
307 113
308 114
309 114
310 115
311 115
312 116
313 117
314 117
315 118
316 118
317 119
318 119
319 120
320 120
321 121
322 121
323 122
324 122
325 123
326 123
327 124
328 124
329 125
330 125
331 126
332 126
333 127
334 127
335 128
336 129
337 129
338 130
339 130
340 131
341 131
342 132
343 132
344 133
345 134
346 134
347 135
348 135
349 136
350 136
351 137
352 137
353 138
354 139
355 139
356 140
357 140
358 141
359 141
360 142
361 143
362 143
363 144
364 144
365 145
366 145
367 146
368 146
369 147
370 148
371 148
372 149
373 149
374 150
375 150
376 151
377 152
378 152
379 153
380 153
381 154
382 154
383 155
384 155
385 156
386 156
387 157
388 157
389 158
390 159
391 159
392 160
393 160
394 161
395 161
396 162
397 162
398 163
399 163
400 164
401 165
402 165
403 166
404 166
405 167
406 167
407 168
408 168
409 169
410 169
411 170
412 171
413 172
414 173
415 174
416 175
417 176
418 176
419 177
420 177
421 178
422 179
423 180
424 181
425 181
426 182
427 183
428 183
429 184
430 184
431 185
432 185
433 185
434 186
435 186
436 187
437 188
438 189
439 189
440 189
441 189
442 190
443 190
444 191
445 192
446 193
447 193
448 194
449 194
450 195
451 195
452 195
453 196
454 196
455 197
456 197
457 198
458 198
459 199
460 199
461 200
462 201
463 201
464 202
465 203
466 203
467 204
468 204
469 205
470 205
471 206
472 206
473 206
474 207
475 207
476 208
477 208
478 208
479 208
480 209
481 209
482 209
483 210
484 210
485 210
486 210
487 210
488 210
489 210
490 211
491 211
492 211
493 212
494 212
495 213
496 213
497 213
498 213
499 214
500 214
501 214
502 214
503 214
504 214
505 214
506 214
507 214
508 214
509 214
510 214
511 214
512 215
513 215
514 215
515 215
516 215
517 215
518 215
519 215
520 215
521 215
522 215
523 215
524 215
525 215
526 215
527 215
528 215
529 215
530 215
531 215
532 215
533 215
534 215
535 215
536 215
537 215
538 215
539 215
540 215
541 215
542 215
543 215
544 215
545 215
546 215
547 215
548 215
549 215
550 215
551 215
552 215
553 215
554 215
555 215
556 214
557 214
558 214
559 214
560 214
561 214
562 213
563 213
564 213
565 213
566 213
567 213
568 213
569 213
570 212
571 212
572 212
573 211
574 211
575 211
576 210
577 210
578 210
579 210
580 209
581 209
582 209
583 209
584 209
585 209
586 208
587 208
588 208
589 207
590 207
591 207
592 206
593 206
594 206
595 205
596 205
597 205
598 205
599 204
600 204
601 203
602 203
603 202
604 202
605 202
606 201
607 200
608 199
609 199
610 198
611 198
612 197
613 197
614 197
615 197
616 196
617 196
618 195
619 195
620 194
621 194
622 194
623 193
624 193
625 193
626 192
627 192
628 191
629 191
630 190
631 190
632 189
633 189
634 189
635 188
636 188
637 188
638 188
639 188
640 188
641 187
642 187
643 187
644 187
645 187
645 186

12 247
13 246
14 246
15 246
16 246
17 246
18 246
19 246
20 246
21 246
22 246
23 246
24 246
25 246
26 246
27 246
28 246
29 246
30 246
31 246
32 246
33 246
34 246
35 246
36 246
37 246
38 246
39 246
40 246
41 246
42 246
43 246
44 246
45 246
46 246
47 246
48 246
49 246
50 246
51 246
52 246
53 246
54 246
55 245
56 245
57 245
58 245
59 245
60 245
61 245
62 245
63 245
64 245
65 245
66 245
67 245
68 245
69 245
70 245
71 245
72 245
73 245
74 245
75 245
76 245
77 245
78 245
79 245
80 245
81 245
82 245
83 245
84 245
85 245
86 245
87 245
88 245
89 245
90 245
91 245
92 245
93 245
94 245
95 245
96 245
97 244
98 244
99 244
100 244
101 244
102 244
103 244
104 244
105 244
106 244
107 244
108 244
109 244
110 244
111 244
112 244
113 244
114 244
115 244
116 244
117 244
118 244
119 244
120 244
121 244
122 244
123 244
124 244
125 244
126 244
127 244
128 244
129 244
130 244
131 244
132 244
133 244
134 244
135 244
136 244
137 244
138 244
139 243
140 243
141 243
142 243
143 243
144 243
145 243
146 243
147 243
148 243
149 243
150 243
151 243
152 243
153 243
154 243
155 243
156 243
157 243
158 243
159 243
160 243
161 243
162 243
163 243
164 243
165 243
166 243
167 243
168 243
169 243
170 243
171 243
172 243
173 243
174 243
175 243
176 243
177 243
178 243
179 243
180 243
181 242
182 242
183 242
184 242
185 242
186 242
187 242
188 242
189 242
190 242
191 242
192 242
193 242
194 242
195 242
196 242
197 242
198 242
199 242
200 242
201 242
202 242
203 242
204 242
205 242
206 242
207 242
208 242
209 242
210 242
211 242
212 242
213 242
214 242
215 242
216 242
217 242
218 242
219 242
220 242
221 242
222 242
223 241
224 241
225 241
226 241
227 241
228 241
229 241
230 241
231 241
232 241
233 241
234 241
235 241
236 241
237 241
238 241
239 241
240 241
241 241
242 241
243 241
244 241
245 241
246 241
247 241
248 241
249 241
250 241
251 241
252 241
253 241
254 241
255 241
256 241
257 241
258 241
259 241
260 241
261 241
262 241
263 241
264 241
265 240
266 240
267 240
268 240
269 240
270 240
271 240
272 240
273 240
274 240
275 240
276 240
277 240
278 240
279 240
280 240
281 240
282 240
283 240
284 240
285 240
286 240
287 240
288 240
289 240
290 240
291 240
292 240
293 240
294 240
295 240
296 240
297 240
298 240
299 240
300 240
301 240
302 240
303 240
304 240
305 240
306 240
307 239
308 239
309 239
310 239
311 239
312 239
313 239
314 239
315 239
316 239
317 239
318 239
319 239
320 239
321 239
322 239
323 239
324 239
325 239
326 239
327 239
328 239
329 239
330 239
331 239
332 239
333 239
334 239
335 239
336 239
337 239
338 239
339 239
340 239
341 239
342 239
343 239
344 239
345 239
346 239
347 239
348 239
349 239
350 238
351 238
352 238
353 238
354 238
355 238
356 238
357 238
358 238
359 238
360 238
361 238
362 238
363 238
364 238
365 238
366 238
367 238
368 238
369 238
370 238
371 238
372 238
373 238
374 238
375 238
376 238
377 238
378 238
379 238
380 238
381 238
382 238
383 238
384 238
385 238
386 238
387 238
388 238
389 238
390 238
391 238
392 237
393 237
394 237
395 237
396 237
397 237
398 237
399 237
400 237
401 237
402 237
403 237
404 237
405 237
406 237
407 237
408 237
409 237
410 237
411 237
412 237
413 237
414 237
415 237
416 237
417 237
418 237
419 237
420 237
421 237
422 237
423 237
424 237
425 237
426 237
427 237
428 237
429 237
430 237
431 237
432 237
433 237
434 236
435 236
436 236
437 236
438 236
439 236
440 236
441 236
442 236
443 236
444 236
445 236
446 236
447 236
448 236
449 236
450 236
451 236
452 236
453 236
454 236
455 236
456 236
457 236
458 236
459 236
460 236
461 236
462 236
463 236
464 236
465 236
466 236
467 236
468 236
469 236
470 236
471 236
472 236
473 236
474 236
475 236
476 235
477 235
478 235
479 235
480 235
481 235
482 235
483 235
484 235
485 235
486 235
487 235
488 235
489 235
490 235
491 235
492 235
493 235
494 235
495 235
496 235
497 235
498 235
499 235
500 235
501 235
502 235
503 235
504 235
505 235
506 235
507 235
508 235
509 235
510 235
511 235
512 235
513 235
514 235
515 235
516 235
517 235
518 234
519 234
520 234
521 234
522 234
523 234
524 234
525 234
526 234
527 234
528 234
529 234
530 234
531 234
532 234
533 234
534 234
535 234
536 234
537 234
538 234
539 234
540 234
541 234
542 234
543 234
544 234
545 234
546 234
547 234
548 234
549 234
550 234
551 234
552 234
553 234
554 234
555 234
556 234
557 234
558 234
559 234
560 233
561 233
562 233
563 233
564 233
565 233
566 233
567 233
568 233
569 233
570 233
571 233
572 233
573 233
574 233
575 233
576 233
577 233
578 233
579 233
580 233
581 233
582 233
583 233
584 233
585 233
586 233
587 233
588 233
589 233
590 233
591 233
592 233
593 233
594 233
595 233
596 233
597 233
598 233
599 233
600 233
601 233
602 232
603 232
604 232
605 232
606 232
607 232
608 232
609 232
610 232
611 232
612 232
613 232
614 232
615 232
616 232
617 232
618 232
619 232
620 232
621 232
622 232
623 232
624 232
625 232
626 232
627 232
628 232
629 232
630 232
631 232
632 232
633 232
634 232
635 232
636 232
637 232
638 232
639 232
640 232
641 232
642 232
643 232
644 232

27 323
28 322
29 322
30 322
31 322
32 322
33 322
34 322
35 322
36 321
37 321
38 321
39 321
40 321
41 321
42 321
43 321
44 321
45 320
46 320
47 320
48 320
49 320
50 320
51 320
52 320
53 320
54 319
55 319
56 319
57 319
58 319
59 319
60 319
61 319
62 318
63 318
64 318
65 318
66 318
67 318
68 318
69 318
70 318
71 317
72 317
73 317
74 317
75 317
76 317
77 317
78 317
79 317
80 316
81 316
82 316
83 316
84 316
85 316
86 316
87 316
88 316
89 315
90 315
91 315
92 315
93 315
94 315
95 315
96 315
97 314
98 314
99 314
100 314
101 314
102 314
103 314
104 314
105 314
106 313
107 313
108 313
109 313
110 313
111 313
112 313
113 313
114 313
115 312
116 312
117 312
118 312
119 312
120 312
121 312
122 312
123 312
124 311
125 311
126 311
127 311
128 311
129 311
130 311
131 311
132 310
133 310
134 310
135 310
136 310
137 310
138 310
139 310
140 310
141 309
142 309
143 309
144 309
145 309
146 309
147 309
148 309
149 309
150 308
151 308
152 308
153 308
154 308
155 308
156 308
157 308
158 308
159 307
160 307
161 307
162 307
163 307
164 307
165 307
166 307
167 306
168 306
169 306
170 306
171 306
172 306
173 306
174 306
175 306
176 305
177 305
178 305
179 305
180 305
181 305
182 305
183 305
184 305
185 304
186 304
187 304
188 304
189 304
190 304
191 304
192 304
193 304
194 303
195 303
196 303
197 303
198 303
199 303
200 303
201 303
202 302
203 302
204 302
205 302
206 302
207 302
208 302
209 302
210 302
211 301
212 301
213 301
214 301
215 301
216 301
217 301
218 301
219 301
220 300
221 300
222 300
223 300
224 300
225 300
226 300
227 300
228 300
229 299
230 299
231 299
232 299
233 299
234 299
235 299
236 299
237 298
238 298
239 298
240 298
241 298
242 298
243 298
244 298
245 298
246 297
247 297
248 297
249 297
250 297
251 297
252 297
253 297
254 297
255 296
256 296
257 296
258 296
259 296
260 296
261 296
262 296
263 296
264 295
265 295
266 295
267 295
268 295
269 295
270 295
271 295
272 294
273 294
274 294
275 294
276 294
277 294
278 294
279 294
280 294
281 293
282 293
283 293
284 293
285 293
286 293
287 293
288 293
289 293
290 292
291 292
292 292
293 292
294 292
295 292
296 292
297 292
298 292
299 291
300 291
301 291
302 291
303 291
304 291
305 291
306 291
307 290
308 290
309 290
310 290
311 290
312 290
313 290
314 290
315 290
316 289
317 289
318 289
319 289
320 289
321 289
322 289
323 289
324 289
325 288
326 288
327 288
328 288
329 288
330 288
331 288
332 288
333 288
334 287
335 287
336 287
337 287
338 287
339 287
340 287
341 287
342 286
343 286
344 286
345 286
346 286
347 286
348 286
349 286
350 286
351 285
352 285
353 285
354 285
355 285
356 285
357 285
358 285
359 285
360 284
361 284
362 284
363 284
364 284
365 284
366 284
367 284
368 284
369 283
370 283
371 283
372 283
373 283
374 283
375 283
376 283
377 282
378 282
379 282
380 282
381 282
382 282
383 282
384 282
385 282
386 281
387 281
388 281
389 281
390 281
391 281
392 281
393 281
394 281
395 280
396 280
397 280
398 280
399 280
400 280
401 280
402 280
403 280
404 279
405 279
406 279
407 279
408 279
409 279
410 279
411 279
412 278
413 278
414 278
415 278
416 278
417 278
418 278
419 278
420 278
421 277
422 277
423 277
424 277
425 277
426 277
427 277
428 277
429 277
430 276
431 276
432 276
433 276
434 276
435 276
436 276
437 276
438 276
439 275
440 275
441 275
442 275
443 275
444 275
445 275
446 275
447 274
448 274
449 274
450 274
451 274
452 274
453 274
454 274
455 274
456 273
457 273
458 273
459 273
460 273
461 273
462 273
463 273
464 273
465 272
466 272
467 272
468 272
469 272
470 272
471 272
472 272
473 272
474 271
475 271
476 271
477 271
478 271
479 271
480 271
481 271
482 270
483 270
484 270
485 270
486 270
487 270
488 270
489 270
490 270
491 269
492 269
493 269
494 269
495 269
496 269
497 269
498 269
499 269
500 268
501 268
502 268
503 268
504 268
505 268
506 268
507 268
508 268
509 267
510 267
511 267
512 267
513 267
514 267
515 267
516 267
517 266
518 266
519 266
520 266
521 266
522 266
523 266
524 266
525 266
526 265
527 265
528 265
529 265
530 265
531 265
532 265
533 265
534 265
535 264
536 264
537 264
538 264
539 264
540 264
541 264
542 264
543 264
544 263
545 263
546 263
547 263
548 263
549 263
550 263
551 263
552 262
553 262
554 262
555 262
556 262
557 262
558 262
559 262
560 262
561 261
562 261
563 261
564 261
565 261
566 261
567 261
568 261
569 261
570 260
571 260
572 260
573 260
574 260
575 260
576 260
577 260
578 260
579 259
580 259
581 259
582 259
583 259
584 259
585 259
586 259
587 258
588 258
589 258
590 258
591 258
592 258
593 258
594 258
595 258
596 257
597 257
598 257
599 257
600 257
601 257
602 257
603 257
604 257
605 256
606 256
607 256
608 256
609 256
610 256
611 256
612 256
613 256
614 255
615 255
616 255
617 255
618 255
619 255
620 255
621 255
622 254
623 254
624 254
625 254
626 254
627 254
628 254
629 254
630 254
631 253
632 253
633 253
634 253
635 253
636 253
637 253
638 253
639 253
640 252
641 252
642 252
643 252
644 252
645 252
646 252
647 252
648 252

