9 482
10 482
11 482
12 482
13 482
14 482
15 482
16 482
17 482
18 482
19 482
20 482
21 482
22 482
23 481
24 481
25 481
26 480
27 480
28 480
29 480
30 479
31 479
32 479
33 479
34 478
35 478
36 478
37 478
38 477
39 477
40 477
41 477
42 476
43 476
44 476
45 476
46 475
47 475
48 475
49 475
50 475
51 474
52 474
53 474
54 474
55 474
56 474
57 473
58 473
59 473
60 473
61 473
62 473
63 472
64 472
65 472
66 472
67 472
68 472
69 471
70 471
71 471
72 471
73 471
74 471
75 470
76 470
77 470
78 470
79 470
80 470
81 470
82 470
83 470
84 470
85 470
86 470
87 470
88 469
89 469
90 469
91 469
92 469
93 469
94 469
95 469
96 469
97 469
98 469
99 468
100 468
101 468
102 468
103 468
104 468
105 468
106 468
107 468
108 468
109 468
110 468
111 467
112 467
113 467
114 467
115 467
116 467
117 467
118 467
119 467
120 467
121 467
122 467
123 467
124 467
125 467
126 467
127 467
128 467
129 467
130 467
131 467
132 467
133 467
134 467
135 467
136 467
137 467
138 467
139 467
140 467
141 467
142 467
143 467
144 467
145 467
146 467
147 467
148 467
149 467
150 467
151 467
152 467
153 467
154 467
155 467
156 467
157 466
158 466
159 466
160 466
161 466
162 466
163 466
164 466
165 466
166 466
167 466
168 466
169 466
170 466
171 466
172 466
173 466
174 466
175 466
176 466
177 466
178 466
179 466
180 466
181 466
182 466
183 466
184 466
185 466
186 466
187 466
188 466
189 466
190 466
191 466
192 466
193 466
194 466
195 466
196 465
197 465
198 465
199 465
200 465
201 465
202 465
203 465
204 465
205 465
206 464
207 464
208 464
209 464
210 464
211 464
212 464
213 464
214 464
215 464
216 464
217 464
218 464
219 464
220 464
221 464
222 463
223 463
224 463
225 463
226 463
227 463
228 463
229 463
230 462
231 462
232 462
233 462
234 462
235 462
236 462
237 462
238 461
239 461
240 461
241 461
242 461
243 461
244 460
245 460
246 460
247 460
248 460
249 460
250 460
251 460
252 460
253 459
254 459
255 459
256 459
257 459
258 459
259 459
260 458
261 458
262 458
263 458
264 458
265 458
266 458
267 458
268 458
269 458
270 458
271 458
272 458
273 458
274 458
275 458
276 458
277 457
278 457
279 457
280 457
281 457
282 457
283 457
284 456
285 456
286 456
287 456
288 456
289 456
290 456
291 455
292 455
293 455
294 455
295 455
296 455
297 454
298 454
299 454
300 454
301 454
302 454
303 454
304 454
305 453
306 453
307 453
308 453
309 453
310 453
311 453
312 453
313 453
314 453
315 453
316 453
317 453
318 453
319 453
320 453
321 453
322 453
323 453
324 453
325 454
326 454
327 454
328 454
329 454
330 454
331 455
332 455
333 455
334 455
335 455
336 455
337 456
338 456
339 456
340 457
341 457
342 457
343 457
344 457
345 457
346 457
347 457
348 457
349 457
350 457
351 458
352 458
353 458
354 458
355 458
356 458
357 458
358 459
359 459
360 459
361 459
362 459
363 459
364 459
365 459
366 459
367 459
368 459
369 459
370 459
371 460
372 460
373 460
374 460
375 460
376 460
377 460
378 461
379 461
380 461
381 461
382 461
383 461
384 461
385 461
386 461
387 461
388 461
389 462
390 462
391 462
392 462
393 462
394 462
395 462
396 462
397 462
398 462
399 462
400 462
401 462
402 463
403 463
404 463
405 463
406 463
407 463
408 463
409 463
410 463
411 463
412 463
413 463
414 463
415 463
416 463
417 463
418 463
419 463
420 464
421 464
422 464
423 464
424 464
425 464
426 464
427 464
428 464
429 465
430 465
431 465
432 465
433 465
434 465
435 465
436 465
437 465
438 465
439 465
440 465
441 466
442 466
443 466
444 466
445 466
446 466
447 466
448 466
449 466
450 466
451 466
452 467
453 467
454 467
455 467
456 467
457 468
458 468
459 468
460 468
461 469
462 469
463 469
464 469
465 469
466 469
467 470
468 470
469 470
470 470
471 470
472 470
473 470
474 470
475 470
476 470
477 471
478 471
479 471
480 471
481 471
482 471
483 472
484 472
485 472
486 472
486 473
487 473
488 473
489 473
490 473
491 473
492 473
493 473
494 474
495 474
496 474
497 474
498 474
499 474
500 474
501 474
502 475
503 475
504 475
505 475
506 475
507 476
508 476
509 476
510 477
511 477
512 477
513 477
514 477
515 477
516 477
517 477
518 477
519 477
520 477
521 477
522 477
523 478
524 478
525 478
526 478
527 478
528 478
529 478
530 478
531 478
532 478
533 478
534 479
535 479
536 479
537 479
538 479
539 479
540 479
541 479
542 480
543 480
544 480
545 480
546 480
547 480
548 480
549 480
550 480
551 480
552 480
553 480
554 480
555 480
556 480
557 480
558 480
559 480
560 480
561 480
562 480
563 480
564 480
565 480
566 481
567 481
568 481
569 481
570 481
571 481
572 481
573 481
574 481
575 481
576 481
577 481
578 481
579 481
580 481
581 481
582 481
583 481
584 482
585 482
586 482
587 482
588 482
589 482

