10 167
11 166
12 165
13 165
14 164
15 164
16 163
17 163
18 162
19 162
20 161
21 161
22 160
23 160
24 159
25 159
26 158
27 158
28 157
29 157
30 156
31 156
32 155
33 154
34 154
35 153
36 153
37 152
38 152
39 151
40 151
41 150
42 150
43 149
44 149
45 148
46 147
47 147
48 146
49 146
50 145
51 145
52 144
53 144
54 143
55 143
56 142
57 142
58 141
59 141
60 140
61 139
62 138
63 138
64 137
65 136
66 136
67 135
68 134
69 133
70 133
71 132
72 131
73 131
74 130
75 129
76 128
77 128
78 127
79 126
80 126
81 125
82 124
83 124
84 123
85 122
86 121
87 121
88 120
89 119
90 119
91 118
92 117
93 116
94 116
95 115
96 114
97 114
98 113
99 112
100 112
101 111
102 110
103 109
104 109
105 108
106 107
107 107
108 106
109 105
110 105
111 104
112 103
113 103
114 102
115 101
116 101
117 100
118 99
119 99
120 98
121 97
122 97
123 96
124 95
125 95
126 94
127 93
128 93
129 92
130 91
131 91
132 90
133 89
134 89
135 88
136 87
137 87
138 86
139 85
140 84
141 84
142 83
143 82
144 82
145 81
146 81
147 80
148 80
149 79
150 78
151 78
152 77
153 77
154 76
155 76
156 76
157 75
158 75
159 74
160 74
161 74
162 73
163 73
164 73
165 72
166 72
167 72
168 72
169 71
170 71
171 71
172 70
173 70
174 70
175 69
176 69
177 69
178 69
179 69
180 69
181 68
182 68
183 68
184 68
185 68
186 68
187 68
188 67
189 67
190 67
191 67
192 67
193 67
194 67
195 67
196 67
197 67
198 67
199 67
200 67
201 67
202 67
203 67
204 67
205 67
206 67
207 67
208 67
209 67
210 67
211 67
212 67
213 67
214 67
215 67
216 67
217 67
218 67
219 67
220 68
221 68
222 69
223 69
224 70
225 70
226 70
227 71
228 71
229 72
230 72
231 73
232 73
233 74
234 74
235 74
236 75
237 75
238 76
239 76
240 77
241 77
242 78
243 78
244 79
245 79
246 80
247 80
248 81
249 81
250 82
251 82
252 83
253 83
254 84
255 85
256 85
257 86
258 86
259 87
260 87
261 88
262 88
263 89
264 89
265 90
266 90
267 91
268 92
269 92
270 93
271 93
272 94
273 94
274 95
275 95
276 96
277 96
278 97
279 98
280 98
281 98
282 99
283 99
284 100
285 100
286 101
287 101
288 101
289 102
290 102
291 103
292 103
293 104
294 104
295 105
296 105
297 106
298 106
299 107
300 108
301 108
302 109
303 109
304 110
305 111
306 111
307 112
308 112
309 113
310 113
311 113
312 114
313 114
314 114
315 115
316 115
317 116
318 117
319 117
320 118
321 118
322 119
322 120
323 120
322 120
322 121
322 122
323 123
324 123
325 124
326 124
327 125
328 125
329 126
330 126
331 127
332 128
333 128
334 128
335 129
336 129
337 130
338 130
339 131
340 131
341 132
342 132
343 133
344 133
345 134
346 134
347 135
348 136
349 137
350 137
351 138
352 138
353 138
354 139
355 139
356 140
357 140
358 141
359 141
360 141
361 142
362 142
363 143
364 143
365 144
366 144
367 145
368 146
369 147
370 147
371 148
372 148
373 149
374 150
375 151
376 152
377 153
378 154
379 154
380 155
381 156
382 156
383 156
384 157
385 158
386 159
387 159
388 160
389 161
390 161
391 162
392 163
393 164
394 164
395 165
396 165
397 165
398 166
399 166
400 167
401 168
402 168
403 168
404 169
405 170
406 171
407 172
408 172
409 173
410 173
411 174
412 174
413 175
414 176
415 177
416 178
417 178
418 179
419 180
420 180
421 180
422 181
423 181
424 182
425 183
426 183
427 183
428 184
429 184
430 185
431 186
432 186
433 186
434 186
435 187
436 187
437 187
438 188
439 188
440 188
441 188
442 188
443 189
444 189
445 190
446 190
447 191
448 191
449 191
450 192
451 192
452 193
453 193
454 194
455 194
456 195
457 195
458 195
459 196
460 196
461 197
462 197
463 198
464 198
465 199
466 199
467 199
468 199
469 200
470 200
471 201
472 201
473 202
474 203
475 204
476 204
477 204
478 204
479 204
480 204
481 205
482 205
483 205
484 206
485 206
486 206
487 207
488 207
489 207
490 207
491 207
492 208
493 208
494 208
495 208
496 209
497 209
498 209
499 210
500 210
501 210
502 210
503 210
504 210
505 210
506 210
507 210
508 211
509 211
510 211
511 212
512 212
513 212
514 212
515 212
516 212
517 212
518 212
519 212
520 212
521 212
522 212
523 212
524 212
525 212
526 212
527 212
528 212
529 212
530 212
531 212
532 212
533 212
534 212
535 212
536 212
537 212
538 212
539 212
540 212
541 212
542 212
543 212
544 212
545 212
546 212
547 212
548 212
549 212
550 212
551 212
552 212
553 212
554 212
555 212
556 212
557 212
558 212
559 212
559 211
560 210
561 210
562 210
563 209
564 209
565 209
566 209
567 209
568 209
569 209
570 209
571 209
572 209
573 209
574 209
575 209
576 209
577 209
578 209
579 209
580 209

580 209
581 209
582 209
583 209
584 209
585 209
586 209
587 208
588 208
589 207
590 207
591 206
592 206
593 205
594 205
595 204
596 204
597 203
598 203
599 203
600 202
601 202
602 201
603 201
604 201
605 200
606 200
607 199
608 199
609 199
610 198
611 198
612 197
613 197
614 197
615 196
616 196
617 195
618 195
619 195
620 194
621 194
622 193
623 193
624 193
625 192
626 192
627 191
628 191
629 191
630 190
631 190
632 189
633 189
634 189
635 188
636 188
637 188
638 187
639 187
640 186
641 186
642 186
643 185
644 185
645 185
646 184
647 184
648 184
649 183
650 183
651 183
650 183
649 183
648 183

11 247
12 246
13 246
14 246
15 246
16 246
17 246
18 246
19 246
20 246
21 246
22 246
23 246
24 246
25 246
26 246
27 246
28 246
29 246
30 246
31 246
32 246
33 246
34 246
35 246
36 246
37 246
38 246
39 246
40 246
41 246
42 246
43 246
44 246
45 246
46 246
47 246
48 246
49 246
50 246
51 246
52 246
53 246
54 246
55 246
56 246
57 245
58 245
59 245
60 245
61 245
62 245
63 245
64 245
65 245
66 245
67 245
68 245
69 245
70 245
71 245
72 245
73 245
74 245
75 245
76 245
77 245
78 245
79 245
80 245
81 245
82 245
83 245
84 245
85 245
86 245
87 245
88 245
89 245
90 245
91 245
92 245
93 245
94 245
95 245
96 245
97 245
98 245
99 245
100 245
101 245
102 245
103 244
104 244
105 244
106 244
107 244
108 244
109 244
110 244
111 244
112 244
113 244
114 244
115 244
116 244
117 244
118 244
119 244
120 244
121 244
122 244
123 244
124 244
125 244
126 244
127 244
128 244
129 244
130 244
131 244
132 244
133 244
134 244
135 244
136 244
137 244
138 244
139 244
140 244
141 244
142 244
143 244
144 244
145 244
146 244
147 244
148 243
149 243
150 243
151 243
152 243
153 243
154 243
155 243
156 243
157 243
158 243
159 243
160 243
161 243
162 243
163 243
164 243
165 243
166 243
167 243
168 243
169 243
170 243
171 243
172 243
173 243
174 243
175 243
176 243
177 243
178 243
179 243
180 243
181 243
182 243
183 243
184 243
185 243
186 243
187 243
188 243
189 243
190 243
191 243
192 243
193 243
194 242
195 242
196 242
197 242
198 242
199 242
200 242
201 242
202 242
203 242
204 242
205 242
206 242
207 242
208 242
209 242
210 242
211 242
212 242
213 242
214 242
215 242
216 242
217 242
218 242
219 242
220 242
221 242
222 242
223 242
224 242
225 242
226 242
227 242
228 242
229 242
230 242
231 242
232 242
233 242
234 242
235 242
236 242
237 242
238 242
239 241
240 241
241 241
242 241
243 241
244 241
245 241
246 241
247 241
248 241
249 241
250 241
251 241
252 241
253 241
254 241
255 241
256 241
257 241
258 241
259 241
260 241
261 241
262 241
263 241
264 241
265 241
266 241
267 241
268 241
269 241
270 241
271 241
272 241
273 241
274 241
275 241
276 241
277 241
278 241
279 241
280 241
281 241
282 241
283 241
284 241
285 240
286 240
287 240
288 240
289 240
290 240
291 240
292 240
293 240
294 240
295 240
296 240
297 240
298 240
299 240
300 240
301 240
302 240
303 240
304 240
305 240
306 240
307 240
308 240
309 240
310 240
311 240
312 240
313 240
314 240
315 240
316 240
317 240
318 240
319 240
320 240
321 240
322 240
323 240
324 240
325 240
326 240
327 240
328 240
329 240
330 239
331 239
332 239
333 239
334 239
335 239
336 239
337 239
338 239
339 239
340 239
341 239
342 239
343 239
344 239
345 239
346 239
347 239
348 239
349 239
350 239
351 239
352 239
353 239
354 239
355 239
356 239
357 239
358 239
359 239
360 239
361 239
362 239
363 239
364 239
365 239
366 239
367 239
368 239
369 239
370 239
371 239
372 239
373 239
374 239
375 239
376 238
377 238
378 238
379 238
380 238
381 238
382 238
383 238
384 238
385 238
386 238
387 238
388 238
389 238
390 238
391 238
392 238
393 238
394 238
395 238
396 238
397 238
398 238
399 238
400 238
401 238
402 238
403 238
404 238
405 238
406 238
407 238
408 238
409 238
410 238
411 238
412 238
413 238
414 238
415 238
416 238
417 238
418 238
419 238
420 238
421 237
422 237
423 237
424 237
425 237
426 237
427 237
428 237
429 237
430 237
431 237
432 237
433 237
434 237
435 237
436 237
437 237
438 237
439 237
440 237
441 237
442 237
443 237
444 237
445 237
446 237
447 237
448 237
449 237
450 237
451 237
452 237
453 237
454 237
455 237
456 237
457 237
458 237
459 237
460 237
461 237
462 237
463 237
464 237
465 237
466 237
467 236
468 236
469 236
470 236
471 236
472 236
473 236
474 236
475 236
476 236
477 236
478 236
479 236
480 236
481 236
482 236
483 236
484 236
485 236
486 236
487 236
488 236
489 236
490 236
491 236
492 236
493 236
494 236
495 236
496 236
497 236
498 236
499 236
500 236
501 236
502 236
503 236
504 236
505 236
506 236
507 236
508 236
509 236
510 236
511 236
512 235
513 235
514 235
515 235
516 235
517 235
518 235
519 235
520 235
521 235
522 235
523 235
524 235
525 235
526 235
527 235
528 235
529 235
530 235
531 235
532 235
533 235
534 235
535 235
536 235
537 235
538 235
539 235
540 235
541 235
542 235
543 235
544 235
545 235
546 235
547 235
548 235
549 235
550 235
551 235
552 235
553 235
554 235
555 235
556 235
557 235
558 234
559 234
560 234
561 234
562 234
563 234
564 234
565 234
566 234
567 234
568 234
569 234
570 234
571 234
572 234
573 234
574 234
575 234
576 234
577 234
578 234
579 234
580 234
581 234
582 234
583 234
584 234
585 234
586 234
587 234
588 234
589 234
590 234
591 234
592 234
593 234
594 234
595 234
596 234
597 234
598 234
599 234
600 234
601 234
602 234
603 233
604 233
605 233
606 233
607 233
608 233
609 233
610 233
611 233
612 233
613 233
614 233
615 233
616 233
617 233
618 233
619 233
620 233
621 233
622 233
623 233
624 233
625 233
626 233
627 233
628 233
629 233
630 233
631 233
632 233
633 233
634 233
635 233
636 233
637 233
638 233
639 233
640 233
641 233
642 233
643 233
644 233
645 233
646 233
647 233
648 233

8 324
9 323
10 323
11 323
12 323
13 323
14 323
15 323
16 323
17 322
18 322
19 322
20 322
21 322
22 322
23 322
24 322
25 322
26 321
27 321
28 321
29 321
30 321
31 321
32 321
33 321
34 321
35 320
36 320
37 320
38 320
39 320
40 320
41 320
42 320
43 320
44 319
45 319
46 319
47 319
48 319
49 319
50 319
51 319
52 319
53 318
54 318
55 318
56 318
57 318
58 318
59 318
60 318
61 318
62 317
63 317
64 317
65 317
66 317
67 317
68 317
69 317
70 317
71 316
72 316
73 316
74 316
75 316
76 316
77 316
78 316
79 315
80 315
81 315
82 315
83 315
84 315
85 315
86 315
87 315
88 314
89 314
90 314
91 314
92 314
93 314
94 314
95 314
96 314
97 313
98 313
99 313
100 313
101 313
102 313
103 313
104 313
105 313
106 312
107 312
108 312
109 312
110 312
111 312
112 312
113 312
114 312
115 311
116 311
117 311
118 311
119 311
120 311
121 311
122 311
123 311
124 310
125 310
126 310
127 310
128 310
129 310
130 310
131 310
132 310
133 309
134 309
135 309
136 309
137 309
138 309
139 309
140 309
141 308
142 308
143 308
144 308
145 308
146 308
147 308
148 308
149 308
150 307
151 307
152 307
153 307
154 307
155 307
156 307
157 307
158 307
159 306
160 306
161 306
162 306
163 306
164 306
165 306
166 306
167 306
168 305
169 305
170 305
171 305
172 305
173 305
174 305
175 305
176 305
177 304
178 304
179 304
180 304
181 304
182 304
183 304
184 304
185 304
186 303
187 303
188 303
189 303
190 303
191 303
192 303
193 303
194 303
195 302
196 302
197 302
198 302
199 302
200 302
201 302
202 302
203 301
204 301
205 301
206 301
207 301
208 301
209 301
210 301
211 301
212 300
213 300
214 300
215 300
216 300
217 300
218 300
219 300
220 300
221 299
222 299
223 299
224 299
225 299
226 299
227 299
228 299
229 299
230 298
231 298
232 298
233 298
234 298
235 298
236 298
237 298
238 298
239 297
240 297
241 297
242 297
243 297
244 297
245 297
246 297
247 297
248 296
249 296
250 296
251 296
252 296
253 296
254 296
255 296
256 296
257 295
258 295
259 295
260 295
261 295
262 295
263 295
264 295
265 294
266 294
267 294
268 294
269 294
270 294
271 294
272 294
273 294
274 293
275 293
276 293
277 293
278 293
279 293
280 293
281 293
282 293
283 292
284 292
285 292
286 292
287 292
288 292
289 292
290 292
291 292
292 291
293 291
294 291
295 291
296 291
297 291
298 291
299 291
300 291
301 290
302 290
303 290
304 290
305 290
306 290
307 290
308 290
309 290
310 289
311 289
312 289
313 289
314 289
315 289
316 289
317 289
318 289
319 288
320 288
321 288
322 288
323 288
324 288
325 288
326 288
327 288
328 287
329 287
330 287
331 287
332 287
333 287
334 287
335 287
336 286
337 286
338 286
339 286
340 286
341 286
342 286
343 286
344 286
345 285
346 285
347 285
348 285
349 285
350 285
351 285
352 285
353 285
354 284
355 284
356 284
357 284
358 284
359 284
360 284
361 284
362 284
363 283
364 283
365 283
366 283
367 283
368 283
369 283
370 283
371 283
372 282
373 282
374 282
375 282
376 282
377 282
378 282
379 282
380 282
381 281
382 281
383 281
384 281
385 281
386 281
387 281
388 281
389 281
390 280
391 280
392 280
393 280
394 280
395 280
396 280
397 280
398 279
399 279
400 279
401 279
402 279
403 279
404 279
405 279
406 279
407 278
408 278
409 278
410 278
411 278
412 278
413 278
414 278
415 278
416 277
417 277
418 277
419 277
420 277
421 277
422 277
423 277
424 277
425 276
426 276
427 276
428 276
429 276
430 276
431 276
432 276
433 276
434 275
435 275
436 275
437 275
438 275
439 275
440 275
441 275
442 275
443 274
444 274
445 274
446 274
447 274
448 274
449 274
450 274
451 274
452 273
453 273
454 273
455 273
456 273
457 273
458 273
459 273
460 272
461 272
462 272
463 272
464 272
465 272
466 272
467 272
468 272
469 271
470 271
471 271
472 271
473 271
474 271
475 271
476 271
477 271
478 270
479 270
480 270
481 270
482 270
483 270
484 270
485 270
486 270
487 269
488 269
489 269
490 269
491 269
492 269
493 269
494 269
495 269
496 268
497 268
498 268
499 268
500 268
501 268
502 268
503 268
504 268
505 267
506 267
507 267
508 267
509 267
510 267
511 267
512 267
513 267
514 266
515 266
516 266
517 266
518 266
519 266
520 266
521 266
522 265
523 265
524 265
525 265
526 265
527 265
528 265
529 265
530 265
531 264
532 264
533 264
534 264
535 264
536 264
537 264
538 264
539 264
540 263
541 263
542 263
543 263
544 263
545 263
546 263
547 263
548 263
549 262
550 262
551 262
552 262
553 262
554 262
555 262
556 262
557 262
558 261
559 261
560 261
561 261
562 261
563 261
564 261
565 261
566 261
567 260
568 260
569 260
570 260
571 260
572 260
573 260
574 260
575 260
576 259
577 259
578 259
579 259
580 259
581 259
582 259
583 259
584 258
585 258
586 258
587 258
588 258
589 258
590 258
591 258
592 258
593 257
594 257
595 257
596 257
597 257
598 257
599 257
600 257
601 257
602 256
603 256
604 256
605 256
606 256
607 256
608 256
609 256
610 256
611 255
612 255
613 255
614 255
615 255
616 255
617 255
618 255
619 255
620 254
621 254
622 254
623 254
624 254
625 254
626 254
627 254
628 254
629 253
630 253
631 253
632 253
633 253
634 253
635 253
636 253
637 253
638 252
639 252
640 252
641 252
642 252
643 252
644 252
645 252
646 252

