266 105
267 104
268 104
269 104
270 104
271 104
272 104
273 104
274 104
275 104
276 104
277 104
278 104
279 104
280 104
281 104
282 104
283 104
284 104
285 104
286 104
287 104
288 104
289 104
290 104
291 104
292 104
293 104
294 104
295 104
296 104
297 103
298 103
299 103
300 103
301 103
302 103
303 103
304 103
305 103
306 103
307 103
308 103
309 103
310 103
311 103
312 103
313 103
314 103
315 103
316 103
317 103
318 103
319 103
320 103
321 103
322 103
323 103
324 103
325 103
326 103
327 102
328 102
329 102
330 102
331 102
332 102
333 102
334 102
335 102
336 102
337 102
338 102
339 102
340 102
341 102
342 102
343 102
344 102
345 102
346 102
347 102
348 102
349 102
350 102
351 102
352 102
353 102
354 102
355 102
356 102
357 102
358 101
359 101
360 101
361 101
362 101
363 101
364 101
365 101
366 101
367 101
368 101
369 101
370 101
371 101
372 101
373 101
374 101
375 101
376 101
377 101
378 101
379 101
380 101
381 101
382 101
383 101
384 101
385 101
386 101
387 101
388 100
389 100
390 100
391 100
392 100
393 100
394 100
395 100
396 100
397 100
398 100
399 100
400 100
401 100
402 100
403 100
404 100
405 100
406 100
407 100
408 100
409 100
410 100
411 100
412 100
413 100
414 100
415 100
416 100
417 100
418 100
419 99
420 99
421 99
422 99
423 99
424 99
425 99
426 99
427 99
428 99
429 99
430 99
431 99
432 99
433 99
434 99
435 99
436 99
437 99
438 99
439 99
440 99
441 99
442 99
443 99
444 99
445 99
446 99
447 99
448 99
449 98
450 98
451 98
452 98
453 98
454 98
455 98
456 98
457 98
458 98
459 98
460 98
461 98
462 98
463 98
464 98
465 98
466 98
467 98
468 98
469 98
470 98
471 98
472 98
473 98
474 98
475 98
476 98
477 98
478 98
479 97
480 97
481 97
482 97
483 97
484 97
485 97
486 97
487 97
488 97
489 97
490 97
491 97
492 97
493 97
494 97
495 97
496 97
497 97
498 97
499 97
500 97
501 97
502 97
503 97
504 97
505 97
506 97
507 97
508 97
509 97
510 96
511 96
512 96
513 96
514 96
515 96
516 96
517 96
518 96
519 96
520 96
521 96
522 96
523 96
524 96
525 96
526 96
527 96
528 96
529 96
530 96
531 96
532 96
533 96
534 96
535 96
536 96
537 96
538 96
539 96
540 95
541 95
542 95
543 95
544 95
545 95
546 95
547 95
548 95
549 95
550 95
551 95
552 95
553 95
554 95
555 95
556 95
557 95
558 95
559 95
560 95
561 95
562 95
563 95
564 95
565 95
566 95
567 95
568 95
569 95
570 95

269 280
270 279
271 279
272 279
273 279
274 279
275 279
276 279
277 279
278 279
279 279
280 279
281 279
282 279
283 279
284 279
285 279
286 279
287 279
288 279
289 279
290 279
291 279
292 279
293 279
294 279
295 279
296 279
297 279
298 279
299 279
300 279
301 279
302 279
303 279
304 279
305 279
306 279
307 279
308 279
309 279
310 279
311 279
312 279
313 279
314 279
315 279
316 279
317 279
318 279
319 279
320 279
321 279
322 279
323 279
324 279
325 279
326 279
327 279
328 279
329 279
330 279
331 278
332 278
333 278
334 278
335 278
336 278
337 278
338 278
339 278
340 278
341 278
342 278
343 278
344 278
345 278
346 278
347 278
348 278
349 278
350 278
351 278
352 278
353 278
354 278
355 278
356 278
357 278
358 278
359 278
360 278
361 278
362 278
363 278
364 278
365 278
366 278
367 278
368 278
369 278
370 278
371 278
372 278
373 278
374 278
375 278
376 278
377 278
378 278
379 278
380 278
381 278
382 278
383 278
384 278
385 278
386 278
387 278
388 278
389 278
390 278
391 278
392 278
393 277
394 277
395 277
396 277
397 277
398 277
399 277
400 277
401 277
402 277
403 277
404 277
405 277
406 277
407 277
408 277
409 277
410 277
411 277
412 277
413 277
414 277
415 277
416 277
417 277
418 277
419 277
420 277
421 277
422 277
423 277
424 277
425 277
426 277
427 277
428 277
429 277
430 277
431 277
432 277
433 277
434 277
435 277
436 277
437 277
438 277
439 277
440 277
441 277
442 277
443 277
444 277
445 277
446 277
447 277
448 277
449 277
450 277
451 277
452 277
453 277
454 276
455 276
456 276
457 276
458 276
459 276
460 276
461 276
462 276
463 276
464 276
465 276
466 276
467 276
468 276
469 276
470 276
471 276
472 276
473 276
474 276
475 276
476 276
477 276
478 276
479 276
480 276
481 276
482 276
483 276
484 276
485 276
486 276
487 276
488 276
489 276
490 276
491 276
492 276
493 276
494 276
495 276
496 276
497 276
498 276
499 276
500 276
501 276
502 276
503 276
504 276
505 276
506 276
507 276
508 276
509 276
510 276
511 276
512 276
513 276
514 276
515 276
516 275
517 275
518 275
519 275
520 275
521 275
522 275
523 275
524 275
525 275
526 275
527 275
528 275
529 275
530 275
531 275
532 275
533 275
534 275
535 275
536 275
537 275
538 275
539 275
540 275
541 275
542 275
543 275
544 275
545 275
546 275
547 275
548 275
549 275
550 275
551 275
552 275
553 275
554 275
555 275
556 275
557 275
558 275
559 275
560 275
561 275
562 275
563 275
564 275
565 275
566 275
567 275
568 275
569 275
570 275
571 275
572 275
573 275
574 275
575 275
576 275
577 275

275 454
276 454
277 454
278 454
279 454
280 454
281 454
282 454
283 454
284 454
285 454
286 454
287 454
288 454
289 454
290 454
291 454
292 454
293 454
294 454
295 454
296 454
297 454
298 454
299 454
300 454
301 454
302 454
303 454
304 454
305 454
306 454
307 454
308 454
309 454
310 454
311 454
312 454
313 454
314 454
315 454
316 454
317 454
318 454
319 454
320 454
321 454
322 454
323 454
324 454
325 454
326 454
327 454
328 454
329 454
330 454
331 454
332 454
333 454
334 454
335 454
336 454
337 454
338 454
339 454
340 454
341 454
342 454
343 454
344 454
345 454
346 454
347 454
348 454
349 454
350 454
351 454
352 454
353 454
354 454
355 454
356 454
357 454
358 454
359 454
360 454
361 454
362 454
363 454
364 454
365 454
366 454
367 454
368 454
369 454
370 454
371 454
372 454
373 454
374 454
375 454
376 454
377 454
378 454
379 454
380 454
381 454
382 454
383 454
384 454
385 454
386 454
387 454
388 454
389 454
390 454
391 454
392 454
393 454
394 454
395 454
396 454
397 454
398 454
399 454
400 454
401 454
402 454
403 454
404 454
405 454
406 454
407 454
408 454
409 454
410 454
411 454
412 454
413 454
414 454
415 454
416 454
417 454
418 454
419 454
420 454
421 454
422 454
423 454
424 454
425 454
426 454
427 454
428 454
429 454
430 454
431 454
432 454
433 454
434 454
435 454
436 454
437 454
438 454
439 454
440 454
441 454
442 454
443 454
444 454
445 454
446 454
447 454
448 454
449 454
450 454
451 454
452 454
453 454
454 454
455 454
456 454
457 454
458 454
459 454
460 454
461 454
462 454
463 454
464 454
465 454
466 454
467 454
468 454
469 454
470 454
471 454
472 454
473 454
474 454
475 454
476 454
477 454
478 454
479 454
480 454
481 454
482 454
483 454
484 454
485 454
486 454
487 454
488 454
489 454
490 454
491 454
492 454
493 454
494 454
495 454
496 454
497 454
498 454
499 454
500 454
501 454
502 454
503 454
504 454
505 454
506 454
507 454
508 454
509 454
510 454
511 454
512 454
513 454
514 454
515 454
516 454
517 454
518 454
519 454
520 454
521 454
522 454
523 454
524 454
525 454
526 454
527 454
528 454
529 454
530 454
531 454
532 454
533 454
534 454
535 454
536 454
537 454
538 454
539 454
540 454
541 454
542 454
543 454
544 454
545 454
546 454
547 454
548 454
549 454
550 454
551 454
552 454
553 454
554 454
555 454
556 454
557 454
558 454
559 454
560 454
561 454
562 454
563 454
564 454
565 454
566 454
567 454
568 454
569 454
570 454
571 454
572 454
573 454
574 454
575 454
576 454
577 454
578 454
579 454
580 454
581 454
582 454
583 454
584 455

276 631
277 631
278 631
279 631
280 631
281 631
282 631
283 631
284 631
285 631
286 631
287 631
288 631
289 631
290 631
291 631
292 631
293 631
294 631
295 631
296 631
297 631
298 631
299 631
300 631
301 631
302 631
303 631
304 631
305 631
306 631
307 631
308 631
309 631
310 631
311 631
312 631
313 631
314 631
315 631
316 631
317 631
318 631
319 631
320 631
321 631
322 631
323 631
324 631
325 631
326 631
327 631
328 631
329 631
330 631
331 631
332 631
333 631
334 631
335 631
336 631
337 631
338 631
339 631
340 631
341 631
342 631
343 631
344 631
345 631
346 631
347 631
348 631
349 631
350 631
351 631
352 631
353 631
354 631
355 631
356 631
357 631
358 631
359 631
360 631
361 631
362 631
363 631
364 631
365 631
366 631
367 631
368 631
369 631
370 631
371 631
372 631
373 631
374 631
375 631
376 631
377 631
378 631
379 631
380 631
381 631
382 631
383 631
384 631
385 631
386 631
387 631
388 631
389 631
390 631
391 631
392 631
393 631
394 631
395 631
396 631
397 631
398 631
399 631
400 631
401 631
402 631
403 631
404 631
405 631
406 631
407 631
408 631
409 631
410 631
411 631
412 631
413 631
414 631
415 631
416 631
417 631
418 631
419 631
420 631
421 631
422 631
423 631
424 631
425 631
426 631
427 631
428 631
429 631
430 631
431 631
432 631
433 632
434 632
435 632
436 632
437 632
438 632
439 632
440 632
441 632
442 632
443 632
444 632
445 632
446 632
447 632
448 632
449 632
450 632
451 632
452 632
453 632
454 632
455 632
456 632
457 632
458 632
459 632
460 632
461 632
462 632
463 632
464 632
465 632
466 632
467 632
468 632
469 632
470 632
471 632
472 632
473 632
474 632
475 632
476 632
477 632
478 632
479 632
480 632
481 632
482 632
483 632
484 632
485 632
486 632
487 632
488 632
489 632
490 632
491 632
492 632
493 632
494 632
495 632
496 632
497 632
498 632
499 632
500 632
501 632
502 632
503 632
504 632
505 632
506 632
507 632
508 632
509 632
510 632
511 632
512 632
513 632
514 632
515 632
516 632
517 632
518 632
519 632
520 632
521 632
522 632
523 632
524 632
525 632
526 632
527 632
528 632
529 632
530 632
531 632
532 632
533 632
534 632
535 632
536 632
537 632
538 632
539 632
540 632
541 632
542 632
543 632
544 632
545 632
546 632
547 632
548 632
549 632
550 632
551 632
552 632
553 632
554 632
555 632
556 632
557 632
558 632
559 632
560 632
561 632
562 632
563 632
564 632
565 632
566 632
567 632
568 632
569 632
570 632
571 632
572 632
573 632
574 632
575 632
576 632
577 632
578 632
579 632
580 632
581 632
582 632
583 632
584 632
585 632
586 632
587 632
588 632
589 632
590 633

337 698
336 697
336 696
336 695
336 694
336 693
336 692
336 691
336 690
336 689
336 688
336 687
336 686
336 685
336 684
336 683
336 682
336 681
336 680
336 679
336 678
336 677
336 676
336 675
336 674
336 673
336 672
336 671
336 670
336 669
336 668
336 667
335 666
335 665
335 664
335 663
335 662
335 661
335 660
335 659
335 658
335 657
335 656
335 655
335 654
335 653
335 652
335 651
335 650
335 649
335 648
335 647
335 646
335 645
335 644
335 643
335 642
335 641
335 640
335 639
335 638
335 637
335 636
334 635
334 634
334 633
334 632
334 631
334 630
334 629
334 628
334 627
334 626
334 625
334 624
334 623
334 622
334 621
334 620
334 619
334 618
334 617
334 616
334 615
334 614
334 613
334 612
334 611
334 610
334 609
334 608
334 607
334 606
334 605
334 604
333 603
333 602
333 601
333 600
333 599
333 598
333 597
333 596
333 595
333 594
333 593
333 592
333 591
333 590
333 589
333 588
333 587
333 586
333 585
333 584
333 583
333 582
333 581
333 580
333 579
333 578
333 577
333 576
333 575
333 574
333 573
332 572
332 571
332 570
332 569
332 568
332 567
332 566
332 565
332 564
332 563
332 562
332 561
332 560
332 559
332 558
332 557
332 556
332 555
332 554
332 553
332 552
332 551
332 550
332 549
332 548
332 547
332 546
332 545
332 544
332 543
332 542
332 541
331 540
331 539
331 538
331 537
331 536
331 535
331 534
331 533
331 532
331 531
331 530
331 529
331 528
331 527
331 526
331 525
331 524
331 523
331 522
331 521
331 520
331 519
331 518
331 517
331 516
331 515
331 514
331 513
331 512
331 511
331 510
330 509
330 508
330 507
330 506
330 505
330 504
330 503
330 502
330 501
330 500
330 499
330 498
330 497
330 496
330 495
330 494
330 493
330 492
330 491
330 490
330 489
330 488
330 487
330 486
330 485
330 484
330 483
330 482
330 481
330 480
330 479
329 478
329 477
329 476
329 475
329 474
329 473
329 472
329 471
329 470
329 469
329 468
329 467
329 466
329 465
329 464
329 463
329 462
329 461
329 460
329 459
329 458
329 457
329 456
329 455
329 454
329 453
329 452
329 451
329 450
329 449
329 448
329 447
328 446
328 445
328 444
328 443
328 442
328 441
328 440
328 439
328 438
328 437
328 436
328 435
328 434
328 433
328 432
328 431
328 430
328 429
328 428
328 427
328 426
328 425
328 424
328 423
328 422
328 421
328 420
328 419
328 418
328 417
328 416
327 415
327 414
327 413
327 412
327 411
327 410
327 409
327 408
327 407
327 406
327 405
327 404
327 403
327 402
327 401
327 400
327 399
327 398
327 397
327 396
327 395
327 394
327 393
327 392
327 391
327 390
327 389
327 388
327 387
327 386
327 385
327 384
326 383
326 382
326 381
326 380
326 379
326 378
326 377
326 376
326 375
326 374
326 373
326 372
326 371
326 370
326 369
326 368
326 367
326 366
326 365
326 364
326 363
326 362
326 361
326 360
326 359
326 358
326 357
326 356
326 355
326 354
326 353
325 352
325 351
325 350
325 349
325 348
325 347
325 346
325 345
325 344
325 343
325 342
325 341
325 340
325 339
325 338
325 337
325 336
325 335
325 334
325 333
325 332
325 331
325 330
325 329
325 328
325 327
325 326
325 325
325 324
325 323
325 322
324 321
324 320
324 319
324 318
324 317
324 316
324 315
324 314
324 313
324 312
324 311
324 310
324 309
324 308
324 307
324 306
324 305
324 304
324 303
324 302
324 301
324 300
324 299
324 298
324 297
324 296
324 295
324 294
324 293
324 292
324 291
324 290
323 289
323 288
323 287
323 286
323 285
323 284
323 283
323 282
323 281
323 280
323 279
323 278
323 277
323 276
323 275
323 274
323 273
323 272
323 271
323 270
323 269
323 268
323 267
323 266
323 265
323 264
323 263
323 262
323 261
323 260
323 259
322 258
322 257
322 256
322 255
322 254
322 253
322 252
322 251
322 250
322 249
322 248
322 247
322 246
322 245
322 244
322 243
322 242
322 241
322 240
322 239
322 238
322 237
322 236
322 235
322 234
322 233
322 232
322 231
322 230
322 229
322 228
322 227
321 226
321 225
321 224
321 223
321 222
321 221
321 220
321 219
321 218
321 217
321 216
321 215
321 214
321 213
321 212
321 211
321 210
321 209
321 208
321 207
321 206
321 205
321 204
321 203
321 202
321 201
321 200
321 199
321 198
321 197
321 196
320 195
320 194
320 193
320 192
320 191
320 190
320 189
320 188
320 187
320 186
320 185
320 184
320 183
320 182
320 181
320 180
320 179
320 178
320 177
320 176
320 175
320 174
320 173
320 172
320 171
320 170
320 169
320 168
320 167
320 166
320 165
319 164
319 163
319 162
319 161
319 160
319 159
319 158
319 157
319 156
319 155
319 154
319 153
319 152
319 151
319 150
319 149
319 148
319 147
319 146
319 145
319 144
319 143
319 142
319 141
319 140
319 139
319 138
319 137
319 136
319 135
319 134
319 133
318 132
318 131
318 130
318 129
318 128
318 127
318 126
318 125
318 124
318 123
318 122
318 121
318 120
318 119
318 118
318 117
318 116
318 115
318 114
318 113
318 112
318 111
318 110
318 109
318 108
318 107
318 106
318 105
318 104
318 103
318 102
317 101
317 100
317 99
317 98
317 97
317 96
317 95
317 94
317 93
317 92
317 91
317 90
317 89
317 88
317 87
317 86
317 85
317 84
317 83
317 82
317 81
317 80
317 79
317 78
317 77
317 76
317 75
317 74
317 73
317 72
317 71
317 70
316 69
316 68
316 67
316 66
316 65
316 64
316 63
316 62
316 61
316 60
316 59
316 58
316 57
316 56
316 55
316 54
316 53
316 52
316 51
316 50
316 49
316 48
316 47
316 46
316 45
316 44
316 43
316 42
316 41
316 40
316 39
315 38
315 37
315 36
315 35
315 34
315 33
315 32
315 31
315 30
315 29
315 28
315 27
315 26
315 25
315 24
315 23
315 22
315 21
315 20
315 19
315 18
315 17
315 16
315 15
315 14
315 13
315 12
315 11
315 10
315 9
315 8
315 7

534 707
533 706
533 705
533 704
533 703
533 702
533 701
533 700
533 699
533 698
533 697
533 696
533 695
533 694
533 693
533 692
533 691
533 690
533 689
533 688
533 687
533 686
533 685
533 684
533 683
533 682
533 681
533 680
533 679
533 678
532 677
532 676
532 675
532 674
532 673
532 672
532 671
532 670
532 669
532 668
532 667
532 666
532 665
532 664
532 663
532 662
532 661
532 660
532 659
532 658
532 657
532 656
532 655
532 654
532 653
532 652
532 651
532 650
532 649
531 648
531 647
531 646
531 645
531 644
531 643
531 642
531 641
531 640
531 639
531 638
531 637
531 636
531 635
531 634
531 633
531 632
531 631
531 630
531 629
531 628
531 627
531 626
531 625
531 624
531 623
531 622
531 621
531 620
530 619
530 618
530 617
530 616
530 615
530 614
530 613
530 612
530 611
530 610
530 609
530 608
530 607
530 606
530 605
530 604
530 603
530 602
530 601
530 600
530 599
530 598
530 597
530 596
530 595
530 594
530 593
530 592
530 591
529 590
529 589
529 588
529 587
529 586
529 585
529 584
529 583
529 582
529 581
529 580
529 579
529 578
529 577
529 576
529 575
529 574
529 573
529 572
529 571
529 570
529 569
529 568
529 567
529 566
529 565
529 564
529 563
529 562
529 561
528 560
528 559
528 558
528 557
528 556
528 555
528 554
528 553
528 552
528 551
528 550
528 549
528 548
528 547
528 546
528 545
528 544
528 543
528 542
528 541
528 540
528 539
528 538
528 537
528 536
528 535
528 534
528 533
528 532
527 531
527 530
527 529
527 528
527 527
527 526
527 525
527 524
527 523
527 522
527 521
527 520
527 519
527 518
527 517
527 516
527 515
527 514
527 513
527 512
527 511
527 510
527 509
527 508
527 507
527 506
527 505
527 504
527 503
526 502
526 501
526 500
526 499
526 498
526 497
526 496
526 495
526 494
526 493
526 492
526 491
526 490
526 489
526 488
526 487
526 486
526 485
526 484
526 483
526 482
526 481
526 480
526 479
526 478
526 477
526 476
526 475
526 474
525 473
525 472
525 471
525 470
525 469
525 468
525 467
525 466
525 465
525 464
525 463
525 462
525 461
525 460
525 459
525 458
525 457
525 456
525 455
525 454
525 453
525 452
525 451
525 450
525 449
525 448
525 447
525 446
525 445
524 444
524 443
524 442
524 441
524 440
524 439
524 438
524 437
524 436
524 435
524 434
524 433
524 432
524 431
524 430
524 429
524 428
524 427
524 426
524 425
524 424
524 423
524 422
524 421
524 420
524 419
524 418
524 417
524 416
524 415
523 414
523 413
523 412
523 411
523 410
523 409
523 408
523 407
523 406
523 405
523 404
523 403
523 402
523 401
523 400
523 399
523 398
523 397
523 396
523 395
523 394
523 393
523 392
523 391
523 390
523 389
523 388
523 387
523 386
522 385
522 384
522 383
522 382
522 381
522 380
522 379
522 378
522 377
522 376
522 375
522 374
522 373
522 372
522 371
522 370
522 369
522 368
522 367
522 366
522 365
522 364
522 363
522 362
522 361
522 360
522 359
522 358
522 357
521 356
521 355
521 354
521 353
521 352
521 351
521 350
521 349
521 348
521 347
521 346
521 345
521 344
521 343
521 342
521 341
521 340
521 339
521 338
521 337
521 336
521 335
521 334
521 333
521 332
521 331
521 330
521 329
521 328
520 327
520 326
520 325
520 324
520 323
520 322
520 321
520 320
520 319
520 318
520 317
520 316
520 315
520 314
520 313
520 312
520 311
520 310
520 309
520 308
520 307
520 306
520 305
520 304
520 303
520 302
520 301
520 300
520 299
519 298
519 297
519 296
519 295
519 294
519 293
519 292
519 291
519 290
519 289
519 288
519 287
519 286
519 285
519 284
519 283
519 282
519 281
519 280
519 279
519 278
519 277
519 276
519 275
519 274
519 273
519 272
519 271
519 270
519 269
518 268
518 267
518 266
518 265
518 264
518 263
518 262
518 261
518 260
518 259
518 258
518 257
518 256
518 255
518 254
518 253
518 252
518 251
518 250
518 249
518 248
518 247
518 246
518 245
518 244
518 243
518 242
518 241
518 240
517 239
517 238
517 237
517 236
517 235
517 234
517 233
517 232
517 231
517 230
517 229
517 228
517 227
517 226
517 225
517 224
517 223
517 222
517 221
517 220
517 219
517 218
517 217
517 216
517 215
517 214
517 213
517 212
517 211
516 210
516 209
516 208
516 207
516 206
516 205
516 204
516 203
516 202
516 201
516 200
516 199
516 198
516 197
516 196
516 195
516 194
516 193
516 192
516 191
516 190
516 189
516 188
516 187
516 186
516 185
516 184
516 183
516 182
515 181
515 180
515 179
515 178
515 177
515 176
515 175
515 174
515 173
515 172
515 171
515 170
515 169
515 168
515 167
515 166
515 165
515 164
515 163
515 162
515 161
515 160
515 159
515 158
515 157
515 156
515 155
515 154
515 153
514 152
514 151
514 150
514 149
514 148
514 147
514 146
514 145
514 144
514 143
514 142
514 141
514 140
514 139
514 138
514 137
514 136
514 135
514 134
514 133
514 132
514 131
514 130
514 129
514 128
514 127
514 126
514 125
514 124
514 123
513 122
513 121
513 120
513 119
513 118
513 117
513 116
513 115
513 114
513 113
513 112
513 111
513 110
513 109
513 108
513 107
513 106
513 105
513 104
513 103
513 102
513 101
513 100
513 99
513 98
513 97
513 96
513 95
513 94
512 93
512 92
512 91
512 90
512 89
512 88
512 87
512 86
512 85
512 84
512 83
512 82
512 81
512 80
512 79
512 78
512 77
512 76
512 75
512 74
512 73
512 72
512 71
512 70
512 69
512 68
512 67
512 66
512 65
511 64
511 63
511 62
511 61
511 60
511 59
511 58
511 57
511 56
511 55
511 54
511 53
511 52
511 51
511 50
511 49
511 48
511 47
511 46
511 45
511 44
511 43
511 42
511 41
511 40
511 39
511 38
511 37
511 36
510 35
510 34
510 33
510 32
510 31
510 30
510 29
510 28
510 27
510 26
510 25
510 24
510 23
510 22
510 21
510 20
510 19
510 18
510 17
510 16
510 15
510 14
510 13
510 12
510 11
510 10
510 9
510 8
510 7
510 6

