195 270
196 269
197 269
198 269
199 269
200 269
201 269
202 269
203 269
204 269
205 269
206 269
207 269
208 269
209 269
210 269
211 269
212 269
213 269
214 269
215 269
216 269
217 269
218 269
219 269
220 269
221 269
222 269
223 269
224 269
225 269
226 269
227 269
228 268
229 268
230 268
231 268
232 268
233 268
234 268
235 268
236 268
237 268
238 268
239 268
240 268
241 268
242 268
243 268
244 268
245 268
246 268
247 268
248 268
249 268
250 268
251 268
252 268
253 268
254 268
255 268
256 268
257 268
258 268
259 268
260 267
261 267
262 267
263 267
264 267
265 267
266 267
267 267
268 267
269 267
270 267
271 267
272 267
273 267
274 267
275 267
276 267
277 267
278 267
279 267
280 267
281 267
282 267
283 267
284 267
285 267
286 267
287 267
288 267
289 267
290 267
291 267
292 266
293 266
294 266
295 266
296 266
297 266
298 266
299 266
300 266
301 266
302 266
303 266
304 266
305 266
306 266
307 266
308 266
309 266
310 266
311 266
312 266
313 266
314 266
315 266
316 266
317 266
318 266
319 266
320 266
321 266
322 266
323 266
324 265
325 265
326 265
327 265
328 265
329 265
330 265
331 265
332 265
333 265
334 265
335 265
336 265
337 265
338 265
339 265
340 265
341 265
342 265
343 265
344 265
345 265
346 265
347 265
348 265
349 265
350 265
351 265
352 265
353 265
354 265
355 265
356 264
357 264
358 264
359 264
360 264
361 264
362 264
363 264
364 264
365 264
366 264
367 264
368 264
369 264
370 264
371 264
372 264
373 264
374 264
375 264
376 264
377 264
378 264
379 264
380 264
381 264
382 264
383 264
384 264
385 264
386 264
387 264
388 263
389 263
390 263
391 263
392 263
393 263
394 263
395 263
396 263
397 263
398 263
399 263
400 263
401 263
402 263
403 263
404 263
405 263
406 263
407 263
408 263
409 263
410 263
411 263
412 263
413 263
414 263
415 263
416 263
417 263
418 263
419 263
420 263
421 262
422 262
423 262
424 262
425 262
426 262
427 262
428 262
429 262
430 262
431 262
432 262
433 262
434 262
435 262
436 262
437 262
438 262
439 262
440 262
441 262
442 262
443 262
444 262
445 262
446 262
447 262
448 262
449 262
450 262
451 262
452 262
453 261
454 261
455 261
456 261
457 261
458 261
459 261
460 261
461 261
462 261
463 261
464 261
465 261
466 261
467 261
468 261
469 261
470 261
471 261
472 261
473 261
474 261
475 261
476 261
477 261
478 261
479 261
480 261
481 261
482 261
483 261
484 261
485 260
486 260
487 260
488 260
489 260
490 260
491 260
492 260
493 260
494 260
495 260
496 260
497 260
498 260
499 260
500 260
501 260
502 260
503 260
504 260
505 260
506 260
507 260
508 260
509 260
510 260
511 260
512 260
513 260
514 260
515 260
516 260
517 259
518 259
519 259
520 259
521 259
522 259
523 259
524 259
525 259
526 259
527 259
528 259
529 259
530 259
531 259
532 259
533 259
534 259
535 259
536 259
537 259
538 259
539 259
540 259
541 259
542 259
543 259
544 259
545 259
546 259
547 259
548 259
549 258
550 258
551 258
552 258
553 258
554 258
555 258
556 258
557 258
558 258
559 258
560 258
561 258
562 258
563 258
564 258
565 258
566 258
567 258
568 258
569 258
570 258
571 258
572 258
573 258
574 258
575 258
576 258
577 258
578 258
579 258
580 258
581 257
582 257
583 257
584 257
585 257
586 257
587 257
588 257
589 257
590 257
591 257
592 257
593 257
594 257
595 257
596 257
597 257
598 257
599 257
600 257
601 257
602 257
603 257
604 257
605 257
606 257
607 257
608 257
609 257
610 257
611 257
612 257
613 257
614 256
615 256
616 256
617 256
618 256
619 256
620 256
621 256
622 256
623 256
624 256
625 256
626 256
627 256
628 256
629 256
630 256
631 256
632 256
633 256
634 256
635 256
636 256
637 256
638 256
639 256
640 256
641 256
642 256
643 256
644 256
645 256
646 255
647 255
648 255
649 255
650 255
651 255
652 255
653 255
654 255
655 255
656 255
657 255
658 255
659 255
660 255
661 255
662 255
663 255
664 255
665 255
666 255
667 255
668 255
669 255
670 255
671 255
672 255
673 255
674 255
675 255
676 255
677 255
678 254
679 254
680 254
681 254
682 254
683 254
684 254
685 254
686 254
687 254
688 254
689 254
690 254
691 254
692 254
693 254
694 254
695 254
696 254
697 254
698 254
699 254
700 254
701 254
702 254
703 254
704 254
705 254
706 254
707 254
708 254
709 254
710 253
711 253
712 253
713 253
714 253
715 253
716 253
717 253
718 253
719 253
720 253
721 253
722 253
723 253
724 253
725 253
726 253
727 253
728 253
729 253
730 253
731 253
732 253
733 253
734 253
735 253
736 253
737 253
738 253
739 253
740 253
741 253
742 252
743 252
744 252
745 252
746 252
747 252
748 252
749 252
750 252
751 252
752 252
753 252
754 252
755 252
756 252
757 252
758 252
759 252
760 252
761 252
762 252
763 252
764 252
765 252
766 252
767 252
768 252
769 252
770 252
771 252
772 252
773 252
774 251
775 251
776 251
777 251
778 251
779 251
780 251
781 251
782 251
783 251
784 251
785 251
786 251
787 251
788 251
789 251
790 251
791 251
792 251
793 251
794 251
795 251
796 251
797 251
798 251
799 251
800 251
801 251
802 251
803 251
804 251
805 251
806 251

200 425
201 424
202 424
203 424
204 424
205 424
206 424
207 424
208 424
209 424
210 424
211 424
212 424
213 424
214 424
215 424
216 424
217 424
218 424
219 423
220 423
221 423
222 423
223 423
224 423
225 423
226 423
227 423
228 423
229 423
230 423
231 423
232 423
233 423
234 423
235 423
236 423
237 422
238 422
239 422
240 422
241 422
242 422
243 422
244 422
245 422
246 422
247 422
248 422
249 422
250 422
251 422
252 422
253 422
254 422
255 422
256 421
257 421
258 421
259 421
260 421
261 421
262 421
263 421
264 421
265 421
266 421
267 421
268 421
269 421
270 421
271 421
272 421
273 421
274 420
275 420
276 420
277 420
278 420
279 420
280 420
281 420
282 420
283 420
284 420
285 420
286 420
287 420
288 420
289 420
290 420
291 420
292 420
293 419
294 419
295 419
296 419
297 419
298 419
299 419
300 419
301 419
302 419
303 419
304 419
305 419
306 419
307 419
308 419
309 419
310 419
311 418
312 418
313 418
314 418
315 418
316 418
317 418
318 418
319 418
320 418
321 418
322 418
323 418
324 418
325 418
326 418
327 418
328 418
329 417
330 417
331 417
332 417
333 417
334 417
335 417
336 417
337 417
338 417
339 417
340 417
341 417
342 417
343 417
344 417
345 417
346 417
347 417
348 416
349 416
350 416
351 416
352 416
353 416
354 416
355 416
356 416
357 416
358 416
359 416
360 416
361 416
362 416
363 416
364 416
365 416
366 415
367 415
368 415
369 415
370 415
371 415
372 415
373 415
374 415
375 415
376 415
377 415
378 415
379 415
380 415
381 415
382 415
383 415
384 415
385 414
386 414
387 414
388 414
389 414
390 414
391 414
392 414
393 414
394 414
395 414
396 414
397 414
398 414
399 414
400 414
401 414
402 414
403 413
404 413
405 413
406 413
407 413
408 413
409 413
410 413
411 413
412 413
413 413
414 413
415 413
416 413
417 413
418 413
419 413
420 413
421 413
422 412
423 412
424 412
425 412
426 412
427 412
428 412
429 412
430 412
431 412
432 412
433 412
434 412
435 412
436 412
437 412
438 412
439 412
440 411
441 411
442 411
443 411
444 411
445 411
446 411
447 411
448 411
449 411
450 411
451 411
452 411
453 411
454 411
455 411
456 411
457 411
458 410
459 410
460 410
461 410
462 410
463 410
464 410
465 410
466 410
467 410
468 410
469 410
470 410
471 410
472 410
473 410
474 410
475 410
476 410
477 409
478 409
479 409
480 409
481 409
482 409
483 409
484 409
485 409
486 409
487 409
488 409
489 409
490 409
491 409
492 409
493 409
494 409
495 408
496 408
497 408
498 408
499 408
500 408
501 408
502 408
503 408
504 408
505 408
506 408
507 408
508 408
509 408
510 408
511 408
512 408
513 408
514 407
515 407
516 407
517 407
518 407
519 407
520 407
521 407
522 407
523 407
524 407
525 407
526 407
527 407
528 407
529 407
530 407
531 407
532 406
533 406
534 406
535 406
536 406
537 406
538 406
539 406
540 406
541 406
542 406
543 406
544 406
545 406
546 406
547 406
548 406
549 406
550 406
551 405
552 405
553 405
554 405
555 405
556 405
557 405
558 405
559 405
560 405
561 405
562 405
563 405
564 405
565 405
566 405
567 405
568 405
569 404
570 404
571 404
572 404
573 404
574 404
575 404
576 404
577 404
578 404
579 404
580 404
581 404
582 404
583 404
584 404
585 404
586 404
587 403
588 403
589 403
590 403
591 403
592 403
593 403
594 403
595 403
596 403
597 403
598 403
599 403
600 403
601 403
602 403
603 403
604 403
605 403
606 402
607 402
608 402
609 402
610 402
611 402
612 402
613 402
614 402
615 402
616 402
617 402
618 402
619 402
620 402
621 402
622 402
623 402
624 401
625 401
626 401
627 401
628 401
629 401
630 401
631 401
632 401
633 401
634 401
635 401
636 401
637 401
638 401
639 401
640 401
641 401
642 401
643 400
644 400
645 400
646 400
647 400
648 400
649 400
650 400
651 400
652 400
653 400
654 400
655 400
656 400
657 400
658 400
659 400
660 400
661 399
662 399
663 399
664 399
665 399
666 399
667 399
668 399
669 399
670 399
671 399
672 399
673 399
674 399
675 399
676 399
677 399
678 399
679 399
680 398
681 398
682 398
683 398
684 398
685 398
686 398
687 398
688 398
689 398
690 398
691 398
692 398
693 398
694 398
695 398
696 398
697 398
698 397
699 397
700 397
701 397
702 397
703 397
704 397
705 397
706 397
707 397
708 397
709 397
710 397
711 397
712 397
713 397
714 397
715 397
716 396
717 396
718 396
719 396
720 396
721 396
722 396
723 396
724 396
725 396
726 396
727 396
728 396
729 396
730 396
731 396
732 396
733 396
734 396
735 395
736 395
737 395
738 395
739 395
740 395
741 395
742 395
743 395
744 395
745 395
746 395
747 395
748 395
749 395
750 395
751 395
752 395
753 394
754 394
755 394
756 394
757 394
758 394
759 394
760 394
761 394
762 394
763 394
764 394
765 394
766 394
767 394
768 394
769 394
770 394
771 394
772 393
773 393
774 393
775 393
776 393
777 393
778 393
779 393
780 393
781 393
782 393
783 393
784 393
785 393
786 393
787 393
788 393
789 393
790 392
791 392
792 392
793 392
794 392
795 392
796 392
797 392
798 392
799 392
800 392
801 392
802 392
803 392
804 392
805 392
806 392
807 392
808 392

479 250
479 251
479 252
479 253
479 254
479 255
479 256
479 257
479 258
479 259
479 260
479 261
479 262
479 263
479 264
479 265
479 266
479 267
479 268
479 269
479 270
479 271
479 272
479 273
479 274
479 275
479 276
479 277
479 278
479 279
479 280
479 281
479 282
479 283
479 284
479 285
479 286
479 287
479 288
479 289
479 290
479 291
479 292
479 293
479 294
479 295
479 296
479 297
479 298
479 299
479 300
479 301
479 302
479 303
479 304
479 305
479 306
479 307
479 308
479 309
479 310
479 311
479 312
479 313
479 314
479 315
479 316
479 317
479 318
479 319
479 320
479 321
479 322
479 323
479 324
479 325
479 326
479 327
479 328
479 329
479 330
479 331
479 332
479 333
479 334
479 335
479 336
479 337
479 338
479 339
479 340
479 341
479 342
479 343
479 344
479 345
479 346
479 347
479 348
479 349
479 350
479 351
479 352
479 353
479 354
479 355
479 356
479 357
479 358
479 359
479 360
479 361
479 362
479 363
479 364
479 365
479 366
479 367
479 368
479 369
479 370
479 371
479 372
479 373
479 374
479 375
479 376
479 377
479 378
479 379
479 380
479 381
479 382
479 383
479 384
479 385
479 386
479 387
479 388
479 389
479 390
479 391
479 392
479 393
479 394
479 395
479 396
479 397
479 398
479 399
479 400
479 401
479 402
479 403
479 404
479 405
479 406
479 407
479 408
479 409
479 410
479 411
479 412
479 413
479 414
479 415
479 416
479 417
479 418
479 419
479 420
479 421
479 422
479 423
479 424
479 425
479 426
479 427
479 428
479 429
479 430
479 431
479 432
479 433
479 434
479 435
479 436
479 437
479 438
479 439
479 440
479 441
479 442
479 443
479 444
479 445
480 446

